2.1305,2.3216,2.5269,2.6753,2.7478,2.7925,2.776,2.7233,2.5978,2.4087,2.1551,1.9217,1.5515,1.1125,0.73752,0.17506,-0.46075,-0.98827,-1.7608,-2.6152,-3.5565,-4.3215,-5.4247,-6.6321,-7.6133,-9.0304,-10.586,-11.855,-13.701,-15.743,-18.035,-19.951,-22.841,-26.232,-29.117,-32.689,-33.38,-31.532,-30.081,-28.605,-27.571,-27.018,-26.516,-26.256,-26.157,-26.067,-25.899,-25.548,-25.151,-24.468,-23.647,-22.978,-22.045,-21.058,-20.287,-19.233,-18.196,-17.194,-16.476,-15.57,-14.734,-14.151,-13.446,-12.818,-12.267,-11.901,-11.474,-11.103,-10.847,-10.53,-10.233,-10.016,-9.7243,-9.4167,-9.0776,-8.7944,-8.3761,-7.9062,-7.5225,-6.9775,-6.4047,-5.9644,-5.3772,-4.8004,-4.2445,-3.847,-3.3495,-2.8922,-2.5789,-2.2023,-1.8738,-1.595,-1.4191,-1.2272,-1.0845,-1.0071,-0.94296,-0.92924,-0.95149,-1.0231,-1.1428,-1.3101,-1.4665,-1.7159,-2.0145,-2.2692,-2.6519,-3.0839,-3.4414,-3.9628,-4.5365,-5.1567,-5.6489,-6.3353,-7.0467,-7.589,-8.3074,-8.9981,-9.6329,-10.054,-10.515,-10.838,-10.981,-11.031,-10.943,-10.794,-10.515,-10.172,-9.7916,-9.499,-9.123,-8.782,-8.5533,-8.287,-8.069,-7.9406,-7.8214,-7.7588,-7.7565,-7.7912,-7.8887,-8.0436,-8.1969,-8.4523,-8.7715,-9.1556,-9.48,-9.9596,-10.488,-10.915,-11.52,-12.163,-12.672,-13.372,-14.093,-14.822,-15.363,-16.061,-16.704,-17.113,-17.535,-17.769,-17.804,-17.659,-17.33,-16.86,-16.447,-15.856,-15.248,-14.796,-14.22,-13.687,-13.209,-12.883,-12.484,-12.135,-11.915,-11.678,-11.507,-11.424,-11.376,-11.389,-11.471,-11.571,-11.759,-12.004,-12.222,-12.559,-12.947,-13.27,-13.743,-14.263,-14.825,-15.276,-15.912,-16.579,-17.09,-17.764,-18.403,-18.954
1.5574,1.9468,2.378,2.7102,2.8949,3.0557,3.1198,3.1049,3.0019,2.8042,2.5125,2.2321,1.7771,1.229,0.75697,0.046611,-0.75625,-1.419,-2.3831,-3.4388,-4.5855,-5.5044,-6.8062,-8.1926,-9.284,-10.799,-12.37,-13.571,-15.177,-16.753,-18.248,-19.286,-20.52,-21.567,-22.231,-22.984,-23.623,-24.189,-24.587,-25.128,-25.715,-26.207,-26.947,-27.774,-28.456,-29.467,-30.637,-32.011,-33.166,-34.621,-35.006,-33.967,-31.39,-28.561,-26.595,-24.254,-22.187,-20.352,-19.1,-17.58,-16.219,-15.291,-14.169,-13.164,-12.265,-11.655,-10.919,-10.261,-9.8124,-9.2672,-8.7716,-8.4261,-7.9926,-7.5851,-7.1955,-6.9113,-6.5402,-6.1756,-5.906,-5.5527,-5.211,-4.9648,-4.6556,-4.3747,-4.1302,-3.9752,-3.8128,-3.7059,-3.6653,-3.6668,-3.7321,-3.8592,-3.9908,-4.2068,-4.4547,-4.6494,-4.9024,-5.1267,-5.2647,-5.3999,-5.4809,-5.5217,-5.5382,-5.5612,-5.6111,-5.6803,-5.8335,-6.0711,-6.3139,-6.7316,-7.2671,-7.9313,-8.5212,-9.4433,-10.541,-11.498,-12.986,-14.771,-16.93,-18.824,-21.513,-23.091,-22.407,-20.032,-17.621,-16.073,-14.348,-12.944,-11.803,-11.088,-10.304,-9.6867,-9.3232,-8.9611,-8.7336,-8.6469,-8.6409,-8.7573,-8.9956,-9.2531,-9.7017,-10.273,-10.783,-11.569,-12.478,-13.506,-14.346,-15.549,-16.81,-17.756,-18.933,-19.885,-20.362,-20.621,-20.483,-20.063,-19.643,-19.024,-18.39,-17.924,-17.326,-16.763,-16.364,-15.86,-15.394,-14.966,-14.673,-14.316,-14.009,-13.817,-13.617,-13.477,-13.4,-13.388,-13.433,-13.552,-13.693,-13.946,-14.278,-14.576,-15.036,-15.56,-16.138,-16.598,-17.231,-17.864,-18.328,-18.914,-19.451,-19.811,-20.243,-20.626,-20.965,-21.193,-21.472,-21.718,-21.881,-22.059,-22.177,-22.214
1.397,1.9356,2.522,2.9652,3.2069,3.4123,3.4882,3.4617,3.3184,3.0534,2.6697,2.3053,1.7199,1.0228,0.42887,-0.45528,-1.441,-2.2433,-3.3924,-4.6251,-5.9333,-6.9591,-8.3745,-9.8345,-10.95,-12.451,-13.95,-15.061,-16.508,-17.897,-19.216,-20.15,-21.307,-22.378,-23.142,-24.138,-25.129,-26.108,-26.849,-27.856,-28.939,-29.79,-30.948,-32.041,-32.682,-33.093,-32.865,-32.088,-31.252,-29.971,-28.595,-27.531,-26.086,-24.614,-23.501,-22.027,-20.587,-19.205,-18.21,-16.952,-15.785,-14.98,-14.009,-13.149,-12.402,-11.915,-11.365,-10.928,-10.673,-10.423,-10.271,-10.211,-10.188,-10.2,-10.206,-10.177,-10.045,-9.7661,-9.4523,-8.9069,-8.2593,-7.7414,-7.055,-6.4156,-5.8633,-5.5238,-5.1889,-5.0077,-4.9829,-5.1161,-5.4621,-6.0545,-6.6887,-7.8433,-9.4554,-11.082,-14.12,-19.033,-25.381,-23.975,-17.068,-13.32,-11.467,-9.7245,-8.5428,-7.9318,-7.4113,-7.1698,-7.145,-7.2954,-7.6314,-8.1248,-8.5857,-9.2953,-10.081,-10.694,-11.498,-12.23,-12.823,-13.139,-13.355,-13.315,-13.12,-12.681,-12.09,-11.588,-10.888,-10.194,-9.5454,-9.108,-8.6084,-8.2162,-8.004,-7.8291,-7.7902,-7.8556,-8.0766,-8.4539,-8.9905,-9.5052,-10.348,-11.382,-12.29,-13.695,-15.339,-17.257,-18.892,-21.377,-24.267,-26.738,-30.336,-33.382,-33.817,-31.883,-29.281,-26.869,-25.244,-23.303,-21.597,-20.458,-19.125,-17.977,-17.231,-16.373,-15.673,-15.115,-14.779,-14.429,-14.201,-14.108,-14.087,-14.183,-14.395,-14.629,-15.051,-15.595,-16.09,-16.874,-17.813,-18.63,-19.901,-21.408,-23.224,-24.829,-27.378,-30.426,-32.805,-34.564,-33.418,-31.871,-30.133,-28.95,-28.262,-28.022,-28.016,-28.355,-28.84,-29.776,-30.947,-32.216
2.2385,2.7211,3.2427,3.6233,3.8145,3.9426,3.9257,3.8174,3.5447,3.1251,2.5578,2.0356,1.2103,0.23807,-0.58677,-1.812,-3.1764,-4.2867,-5.8715,-7.5613,-9.3364,-10.708,-12.571,-14.449,-15.858,-17.742,-19.64,-21.087,-23.063,-25.074,-27.009,-28.253,-29.342,-29.741,-29.706,-29.527,-29.433,-29.494,-29.655,-30.045,-30.676,-31.368,-32.608,-34.229,-35.498,-36.55,-35.847,-33.862,-32.183,-30.064,-28.1,-26.76,-25.1,-23.557,-22.466,-21.07,-19.745,-18.488,-17.59,-16.454,-15.396,-14.665,-13.792,-13.026,-12.369,-11.954,-11.517,-11.233,-11.131,-11.16,-11.409,-11.765,-12.518,-13.688,-15.464,-17.428,-21.716,-33.001,-31.278,-20.184,-15.257,-12.754,-10.243,-8.3379,-6.8579,-5.968,-5.0274,-4.3322,-3.9571,-3.6376,-3.5119,-3.5684,-3.72,-4.0505,-4.4964,-4.874,-5.3735,-5.7781,-5.9625,-6.0071,-5.8345,-5.5255,-5.2663,-4.9543,-4.7381,-4.6646,-4.7077,-4.9222,-5.1989,-5.7303,-6.4577,-7.3961,-8.2508,-9.6237,-11.314,-12.852,-15.413,-18.919,-24.328,-30.112,-26.211,-20.439,-17.646,-14.939,-12.9,-11.656,-10.273,-9.1388,-8.2105,-7.6369,-7.0218,-6.5711,-6.3386,-6.1639,-6.1411,-6.2307,-6.4973,-6.9297,-7.5299,-8.0945,-9.0019,-10.087,-11.024,-12.434,-14.033,-15.819,-17.282,-19.394,-21.682,-23.498,-26.038,-28.621,-30.305,-31.147,-29.61,-26.978,-25.015,-22.697,-20.728,-19.466,-18.04,-16.874,-16.141,-15.348,-14.765,-14.387,-14.222,-14.152,-14.243,-14.416,-14.768,-15.262,-15.88,-16.417,-17.221,-18.109,-18.818,-19.807,-20.838,-21.638,-22.745,-23.92,-25.158,-26.13,-27.421,-28.535,-29.08,-29.271,-28.914,-28.491,-27.922,-27.509,-27.358,-27.418,-27.728,-28.314,-28.966,-30.112,-31.502,-33.046
2.7527,3.2244,3.7285,4.0835,4.2482,4.3291,4.248,4.0781,3.7018,3.1497,2.4151,1.7396,0.66542,-0.61913,-1.7319,-3.4327,-5.4098,-7.0971,-9.6644,-12.666,-16.188,-19.192,-23.341,-25.993,-26.19,-25.649,-25.516,-25.886,-26.986,-28.701,-30.692,-32.059,-33.064,-32.506,-31.341,-29.819,-28.791,-28.214,-28,-27.883,-27.897,-27.991,-28.215,-28.45,-28.635,-28.755,-28.725,-28.491,-28.194,-27.607,-26.833,-26.154,-25.15,-24.086,-23.257,-22.129,-20.982,-19.821,-18.951,-17.794,-16.656,-15.839,-14.811,-13.868,-13.014,-12.439,-11.787,-11.274,-10.986,-10.729,-10.611,-10.609,-10.707,-10.893,-11.118,-11.264,-11.355,-11.215,-10.899,-10.165,-9.1505,-8.2849,-7.086,-5.9163,-4.8322,-4.0933,-3.2216,-2.4855,-2.0224,-1.5191,-1.1406,-0.87495,-0.74185,-0.63867,-0.60352,-0.60899,-0.6433,-0.69412,-0.73723,-0.79858,-0.86433,-0.94445,-1.0237,-1.169,-1.3782,-1.5895,-1.955,-2.4282,-2.8573,-3.5354,-4.3443,-5.2822,-6.0666,-7.21,-8.4364,-9.3814,-10.616,-11.725,-12.558,-12.903,-12.912,-12.455,-11.891,-10.963,-9.9435,-9.1723,-8.1803,-7.2638,-6.449,-5.9134,-5.3146,-4.8582,-4.617,-4.4284,-4.3893,-4.4621,-4.6977,-5.0899,-5.6375,-6.1506,-6.9599,-7.8995,-8.6791,-9.8058,-11.002,-12.231,-13.149,-14.324,-15.382,-16.071,-16.807,-17.304,-17.5,-17.522,-17.295,-16.858,-16.428,-15.78,-15.098,-14.597,-13.99,-13.488,-13.189,-12.906,-12.789,-12.862,-13.049,-13.481,-14.129,-14.76,-15.799,-17.065,-18.566,-19.84,-21.723,-23.762,-25.301,-27.163,-28.418,-28.785,-28.648,-28.087,-27.405,-26.9,-26.258,-25.674,-25.261,-24.754,-24.323,-24.075,-23.823,-23.705,-23.764,-23.911,-24.248,-24.753,-25.239,-26.039,-26.949,-27.964
2.4662,3.0284,3.6202,4.0343,4.2295,4.3361,4.2676,4.1015,3.7255,3.1707,2.4341,1.7598,0.69514,-0.56565,-1.6453,-3.2739,-5.1289,-6.6731,-8.9278,-11.363,-13.845,-15.566,-17.371,-18.413,-18.792,-19.075,-19.362,-19.666,-20.215,-20.866,-21.43,-21.77,-22.197,-22.685,-23.013,-23.351,-23.658,-24.042,-24.434,-25.083,-25.848,-26.498,-27.456,-28.509,-29.405,-30.736,-32.252,-33.455,-33.817,-33.308,-32.002,-30.862,-29.426,-28.252,-27.555,-26.802,-26.114,-25.276,-24.431,-22.964,-21.179,-19.771,-17.953,-16.294,-14.832,-13.888,-12.852,-12.068,-11.63,-11.226,-10.998,-10.925,-10.925,-10.979,-11.011,-10.969,-10.753,-10.3,-9.7957,-8.9199,-7.8896,-7.0702,-5.9669,-4.8982,-3.902,-3.2192,-2.4079,-1.7194,-1.2857,-0.81751,-0.46811,-0.22676,-0.10825,-0.016387,0.016699,0.016127,-0.0011847,-0.022894,-0.037092,-0.055235,-0.077578,-0.11565,-0.16614,-0.27726,-0.45647,-0.64805,-0.99212,-1.4503,-1.8728,-2.5534,-3.3728,-4.326,-5.127,-6.3059,-7.5996,-8.6328,-10.063,-11.509,-12.859,-13.67,-14.23,-13.994,-13.337,-12.06,-10.601,-9.5068,-8.1321,-6.8996,-5.8304,-5.1394,-4.37,-3.7709,-3.4442,-3.173,-3.084,-3.1352,-3.3584,-3.7585,-4.3355,-4.8837,-5.765,-6.82,-7.7282,-9.0974,-10.643,-12.367,-13.775,-15.771,-17.78,-19.119,-20.159,-20.008,-19.261,-17.901,-16.485,-15.172,-14.28,-13.232,-12.343,-11.773,-11.148,-10.716,-10.518,-10.421,-10.527,-10.853,-11.251,-12.005,-13.035,-14.014,-15.63,-17.653,-20.166,-22.445,-26.151,-30.853,-35.284,-42.207,-45.022,-42.933,-38.834,-34.678,-31.13,-28.948,-26.561,-24.721,-23.631,-22.502,-21.668,-21.237,-20.827,-20.593,-20.571,-20.661,-20.938,-21.404,-21.883,-22.685,-23.636,-24.791
2.1422,2.7274,3.3373,3.7589,3.9568,4.0663,4.0047,3.8495,3.5016,2.9978,2.3437,1.7588,0.86198,-0.15909,-0.99737,-2.1997,-3.4795,-4.4732,-5.8159,-7.1418,-8.4118,-9.3082,-10.417,-11.424,-12.122,-12.99,-13.81,-14.412,-15.251,-16.182,-17.146,-17.841,-18.739,-19.681,-20.417,-21.367,-22.227,-23.031,-23.62,-24.425,-25.268,-25.956,-26.909,-28.002,-28.996,-30.637,-32.595,-34.53,-35.342,-34.55,-32.306,-30.676,-29.055,-28.101,-27.835,-28.139,-29.454,-32.351,-35.655,-33.222,-26.86,-23.341,-19.822,-17.166,-15.109,-13.895,-12.668,-11.834,-11.427,-11.173,-11.267,-11.585,-12.396,-13.744,-15.826,-18.038,-21.569,-21.279,-17.97,-13.913,-10.844,-9.0231,-7.0404,-5.4307,-4.1227,-3.3135,-2.4419,-1.7948,-1.45,-1.1729,-1.0935,-1.2045,-1.403,-1.7982,-2.3018,-2.703,-3.1741,-3.4477,-3.4605,-3.2205,-2.7713,-2.2449,-1.8723,-1.4696,-1.2162,-1.1423,-1.2089,-1.4694,-1.7923,-2.4014,-3.2031,-4.1941,-5.0686,-6.4152,-7.9843,-9.3173,-11.342,-13.77,-16.869,-19.859,-24.141,-22.627,-19.082,-15.196,-12.242,-10.434,-8.4028,-6.7127,-5.3112,-4.4323,-3.4802,-2.7529,-2.3508,-2.0051,-1.8721,-1.9084,-2.1355,-2.5599,-3.1884,-3.7894,-4.7636,-5.9463,-6.9704,-8.5175,-10.282,-12.29,-13.967,-16.458,-19.206,-21.196,-22.697,-21.713,-20.018,-17.632,-15.511,-13.702,-12.531,-11.188,-10.073,-9.3786,-8.6169,-8.0545,-7.7686,-7.5749,-7.5909,-7.8185,-8.1298,-8.7448,-9.6001,-10.408,-11.705,-13.25,-15.021,-16.479,-18.553,-20.69,-22.242,-24.017,-25.251,-25.684,-25.548,-24.655,-23.37,-22.331,-21.016,-19.897,-19.211,-18.509,-17.995,-17.736,-17.536,-17.453,-17.524,-17.678,-18.005,-18.452,-18.873,-19.533,-20.301,-21.179
2.5639,3.0423,3.529,3.8429,3.9672,3.9872,3.8462,3.6376,3.2294,2.6832,2.0071,1.4222,0.54935,-0.41293,-1.1768,-2.2355,-3.3179,-4.1322,-5.2027,-6.2311,-7.1986,-7.8755,-8.7135,-9.4923,-10.05,-10.777,-11.506,-12.061,-12.842,-13.787,-14.945,-15.922,-17.351,-19.024,-20.532,-22.844,-25.306,-27.389,-28.171,-27.947,-26.989,-26.261,-25.579,-25.193,-25.024,-24.855,-24.687,-24.552,-24.343,-23.884,-23.25,-22.684,-21.919,-21.182,-20.647,-19.974,-19.324,-18.614,-17.99,-16.973,-15.735,-14.711,-13.312,-11.971,-10.766,-9.9951,-9.1757,-8.5671,-8.2505,-8.0413,-8.0979,-8.3151,-8.8257,-9.5565,-10.415,-11.025,-11.524,-11.317,-10.623,-9.217,-7.6285,-6.4786,-5.0655,-3.8132,-2.7497,-2.0823,-1.3773,-0.8881,-0.66985,-0.59563,-0.79136,-1.2987,-1.9218,-3.1576,-5.0241,-7.0476,-11.295,-20.362,-22.11,-11.912,-7.3335,-4.589,-3.176,-1.864,-1.041,-0.68191,-0.49556,-0.60838,-0.87424,-1.4507,-2.2629,-3.315,-4.2565,-5.7035,-7.356,-8.699,-10.537,-12.313,-13.785,-14.49,-14.658,-13.907,-12.877,-11.147,-9.2731,-7.8897,-6.1567,-4.6009,-3.2501,-2.3771,-1.4201,-0.69703,-0.29724,0.045027,0.17045,0.1211,-0.13595,-0.61154,-1.3069,-1.9641,-3.0292,-4.3051,-5.3913,-7.0193,-8.8405,-10.807,-12.331,-14.289,-15.905,-16.675,-16.911,-16.268,-15.364,-13.867,-12.259,-10.689,-9.5834,-8.2403,-7.0525,-6.2881,-5.4333,-4.7479,-4.3484,-3.9714,-3.774,-3.7566,-3.8604,-4.1484,-4.5931,-5.021,-5.7016,-6.4937,-7.37,-8.0666,-9.0077,-9.9262,-10.57,-11.343,-12.007,-12.423,-12.868,-13.175,-13.363,-13.461,-13.565,-13.69,-13.797,-13.957,-14.141,-14.291,-14.554,-14.869,-15.23,-15.516,-15.928,-16.366,-16.733,-17.298,-17.983,-18.801
3.5747,3.9273,4.2531,4.4074,4.4105,4.2656,3.9514,3.6066,3.007,2.2548,1.366,0.61812,-0.47153,-1.6483,-2.5725,-3.8393,-5.1206,-6.0716,-7.2935,-8.4017,-9.3135,-9.8172,-10.232,-10.393,-10.41,-10.412,-10.483,-10.609,-10.849,-11.257,-11.971,-12.746,-14.034,-15.662,-17.212,-19.794,-22.794,-25.318,-25.981,-25.105,-23.595,-22.57,-21.585,-21.059,-20.854,-20.727,-20.701,-20.596,-20.343,-19.778,-18.979,-18.25,-17.14,-15.928,-14.984,-13.738,-12.541,-11.396,-10.56,-9.4821,-8.4519,-7.7142,-6.7845,-5.9296,-5.1752,-4.6916,-4.1524,-3.7318,-3.5128,-3.3686,-3.3787,-3.4644,-3.6644,-3.9297,-4.2133,-4.4047,-4.5751,-4.5898,-4.4733,-4.1377,-3.6048,-3.0941,-2.2848,-1.412,-0.56755,0.014725,0.6879,1.2178,1.5096,1.7424,1.7825,1.6133,1.3453,0.81339,0.12305,-0.44561,-1.1423,-1.5327,-1.4925,-0.9859,-0.15534,0.73952,1.3433,1.9793,2.382,2.5202,2.4851,2.2007,1.828,1.1183,0.15779,-1.0543,-2.1179,-3.7547,-5.6972,-7.3935,-10.057,-13.464,-18.563,-24.985,-22.568,-15.389,-12.05,-8.7721,-6.206,-4.5663,-2.6666,-1.0564,0.27987,1.1181,2.0341,2.7146,3.0732,3.3579,3.423,3.3286,3.0113,2.4779,1.7282,1.0207,-0.11587,-1.4737,-2.6483,-4.4469,-6.5292,-8.981,-11.159,-14.769,-19.876,-24.908,-23.262,-17.617,-14.667,-11.702,-9.3965,-7.4787,-6.2312,-4.7583,-3.4711,-2.6163,-1.6419,-0.84579,-0.3552,0.15797,0.51374,0.7143,0.76637,0.7122,0.52924,0.31345,-0.071635,-0.55502,-1.1155,-1.5711,-2.2097,-2.8732,-3.3851,-4.0786,-4.7699,-5.2824,-5.9558,-6.6278,-7.3206,-7.8647,-8.6312,-9.4432,-10.089,-11.023,-12.002,-12.748,-13.724,-14.572,-15.167,-15.424,-15.581,-15.589,-15.572,-15.608,-15.777,-16.141
4.5661,4.8593,5.0825,5.1025,4.9833,4.6419,4.0929,3.5418,2.6173,1.4776,0.13654,-0.98869,-2.6207,-4.3575,-5.6774,-7.3929,-9.0414,-10.303,-12.214,-14.71,-18.046,-20.295,-19.029,-15.3,-13.001,-10.705,-9.1757,-8.4513,-7.8438,-7.4966,-7.4344,-7.6053,-8.0382,-8.5997,-9.1312,-10.021,-10.972,-11.769,-12.232,-12.76,-13.319,-13.783,-14.451,-15.252,-16.014,-17.38,-19.336,-22.07,-24.453,-25.618,-22.098,-19.084,-15.733,-13.028,-11.302,-9.3367,-7.6474,-6.1809,-5.1985,-4.0264,-2.9959,-2.3099,-1.5036,-0.80854,-0.23407,0.12055,0.4986,0.76005,0.85535,0.8572,0.74307,0.57947,0.23473,-0.27693,-0.96828,-1.5997,-2.5814,-3.6574,-4.4234,-5.0913,-4.9391,-4.2035,-2.6903,-1.0427,0.45716,1.4372,2.5399,3.414,3.9295,4.4467,4.7956,5.0113,5.1079,5.1788,5.2275,5.276,5.3745,5.5324,5.7009,5.9854,6.3035,6.6065,6.7891,6.9426,6.9544,6.8531,6.5489,6.0338,5.5011,4.5901,3.4474,2.0974,0.96324,-0.69444,-2.4668,-3.8029,-5.3838,-6.5016,-7.0188,-6.9656,-6.2934,-5.0376,-3.8399,-2.1062,-0.38089,0.84901,2.3586,3.6958,4.8318,5.5427,6.3186,6.8986,7.1947,7.3958,7.3764,7.221,6.8267,6.2242,5.4075,4.6587,3.4863,2.1253,0.99559,-0.61725,-2.3142,-4.0361,-5.2787,-6.7582,-7.8542,-8.3178,-8.4166,-7.94,-7.2939,-6.1639,-4.8774,-3.5209,-2.5002,-1.1745,0.057999,0.92471,1.9849,2.8998,3.4802,4.1069,4.5695,4.8703,4.9937,5.0272,4.9173,4.744,4.4084,3.9683,3.4435,3.001,2.3606,1.6751,1.1361,0.40055,-0.35215,-0.92613,-1.7228,-2.5739,-3.4918,-4.2379,-5.323,-6.568,-7.6461,-9.3528,-11.503,-13.454,-16.747,-21.16,-24.835,-22.939,-19.062,-16.389,-15.029,-13.744,-12.901,-12.368
4.9418,5.2347,5.3855,5.2831,5.0502,4.5322,3.7832,3.0634,1.8755,0.36446,-1.5333,-3.2916,-6.2473,-10.286,-14.315,-19.097,-16.756,-14.585,-13.065,-12.656,-12.786,-12.684,-11.657,-9.8212,-8.3689,-6.5871,-4.9958,-4.046,-3.24,-2.7872,-2.4824,-2.3825,-2.4465,-2.6331,-2.8383,-3.2345,-3.7894,-4.4515,-4.9648,-5.674,-6.498,-7.187,-8.195,-9.3006,-10.236,-11.62,-13.098,-14.58,-15.374,-15.3,-14.004,-12.578,-10.421,-8.2591,-6.7405,-4.9385,-3.3583,-1.9804,-1.0728,-0.023994,0.85473,1.4172,2.0396,2.5288,2.8993,3.1158,3.3338,3.4554,3.4912,3.4949,3.4283,3.2973,2.9638,2.4217,1.6096,0.76699,-0.78821,-3.0627,-5.485,-10.039,-11.575,-7.7159,-3.18,-0.13099,1.9795,3.178,4.406,5.284,5.7405,6.122,6.3021,6.364,6.3852,6.4468,6.608,6.8333,7.285,7.8705,8.3549,9.0059,9.6048,10.097,10.373,10.595,10.629,10.52,10.176,9.5913,8.9878,7.9488,6.6219,4.9694,3.463,1.0671,-1.958,-4.8788,-10.007,-14.081,-10.038,-6.7105,-3.3898,-0.86562,0.70799,2.5584,4.2261,5.3685,6.7273,7.8919,8.8831,9.5056,10.163,10.633,10.856,10.978,10.888,10.678,10.209,9.5131,8.5885,7.7381,6.3922,4.7992,3.4463,1.4423,-0.76485,-3.0487,-4.6699,-6.4295,-7.4015,-7.5898,-7.3519,-6.8111,-6.2635,-5.369,-4.2181,-2.7768,-1.5524,0.17863,1.8418,2.9777,4.3385,5.5035,6.235,7.0127,7.5636,7.9001,8.0164,7.9964,7.7828,7.5061,7.0045,6.3709,5.6204,4.9965,4.1139,3.2147,2.5565,1.7221,0.93571,0.37199,-0.35691,-1.0763,-1.8214,-2.4097,-3.2998,-4.331,-5.1965,-6.5474,-8.1098,-9.3641,-11.18,-12.886,-13.769,-13.637,-12.74,-11.573,-10.735,-9.7792,-9.0286,-8.4427
4.5365,4.6186,4.4442,3.9921,3.4998,2.6877,1.7703,1.0598,0.10623,-0.88851,-2.0167,-2.9803,-4.4023,-5.9619,-7.0294,-7.8273,-7.5468,-6.9194,-5.9716,-5.1088,-4.3632,-3.8667,-3.2025,-2.5074,-1.9767,-1.37,-0.88021,-0.46336,0.095332,0.46552,0.69746,0.82949,0.85857,0.71165,0.5474,0.27804,-0.12402,-0.73272,-1.2981,-2.1622,-3.1014,-3.8959,-5.0827,-6.3478,-7.3054,-8.436,-9.3081,-9.8347,-9.9362,-9.5142,-8.663,-7.772,-6.3463,-4.7934,-3.6479,-2.2088,-0.89811,0.25572,0.99752,1.8025,2.3945,2.696,2.9199,2.9503,2.8309,2.6876,2.4919,2.3876,2.4497,2.726,3.0958,3.3608,3.6606,3.8543,3.8933,3.8032,3.5353,3.1735,2.9311,2.7758,2.9031,3.2144,3.8631,4.5809,5.2642,5.7209,6.1675,6.3741,6.3445,6.0394,5.383,4.3246,3.253,1.5768,0.35588,0.6386,2.6325,5.1085,6.7868,8.648,10.092,11.181,11.789,12.342,12.612,12.634,12.431,11.963,11.436,10.497,9.2894,7.7901,6.5012,4.6207,2.5432,0.90808,-0.97368,-1.8256,-1.4614,-0.63101,0.83554,2.4643,3.6836,5.2264,6.656,7.6492,8.8528,9.9012,10.799,11.385,12.015,12.455,12.66,12.77,12.686,12.487,12.025,11.325,10.376,9.4929,8.066,6.3002,4.7231,2.179,-1.0051,-5.2601,-9.8124,-19.84,-16.243,-12.222,-9.9114,-9.4899,-10.239,-12.803,-15.039,-10.063,-5.9205,-1.7718,1.3748,3.2421,5.2153,6.7139,7.5812,8.4359,8.9802,9.234,9.2386,9.0084,8.5207,7.9911,7.0705,5.9019,4.5046,3.3332,1.6653,0.014997,-1.1084,-2.274,-2.9837,-3.2448,-3.3676,-3.4079,-3.4795,-3.6121,-3.8988,-4.2776,-4.624,-5.1044,-5.7322,-6.2648,-6.9778,-7.5853,-7.9998,-8.233,-8.4539,-8.4618,-8.2942,-7.8548,-7.3601,-6.8911
4.2336,3.8319,2.9231,1.5362,0.14687,-2.1786,-4.826,-6.3959,-6.5537,-5.1135,-3.6328,-2.8045,-2.0392,-1.5177,-1.227,-0.9211,-0.64082,-0.41778,-0.12281,0.13491,0.3332,0.44208,0.49839,0.48412,0.4645,0.47209,0.37575,0.2565,0.26439,0.51117,0.79978,1.0292,1.3456,1.5367,1.5431,1.4063,1.1117,0.6077,0.044804,-0.95039,-2.1846,-3.2825,-5.0144,-7.0745,-8.8824,-11.654,-14.816,-17.485,-17.401,-14.867,-11.85,-9.7016,-7.0876,-4.8498,-3.3982,-1.7076,-0.26601,0.89649,1.5782,2.2284,2.5685,2.5942,2.2878,1.5432,0.27319,-1.1125,-3.6398,-6.4021,-6.7998,-4.2298,-1.278,0.5059,2.334,3.6355,4.5202,4.9759,5.3856,5.6329,5.7444,5.8417,5.9365,6.0204,6.1288,6.2328,6.4019,6.5182,6.5795,6.4926,6.3205,5.9071,5.1883,4.0222,2.7951,0.74914,-1.0161,-0.76965,1.8404,4.8592,6.8066,8.9209,10.571,11.827,12.549,13.237,13.638,13.759,13.694,13.373,12.963,12.193,11.176,9.9367,8.8588,7.2375,5.5158,4.1644,2.3718,0.91354,0.21552,0.33742,1.2082,2.5308,3.6492,5.1628,6.575,7.5125,8.6239,9.6324,10.514,11.091,11.757,12.283,12.574,12.811,12.857,12.758,12.446,11.914,11.168,10.462,9.3267,7.9924,6.8623,5.2198,3.4673,1.7194,0.54727,-0.707,-1.5066,-1.8665,-2.195,-2.5623,-2.8696,-3.144,-2.8423,-1.5338,-0.011342,2.252,4.2613,5.5656,7.038,8.1842,8.8267,9.4123,9.7,9.6948,9.4972,8.9845,8.1775,7.3591,5.9489,4.1431,1.8842,-0.19523,-3.7454,-8.7982,-14.566,-22.327,-14.644,-11.689,-9.5818,-8.4675,-7.8582,-7.5224,-7.1291,-6.8041,-6.6474,-6.5786,-6.6958,-6.9209,-7.3394,-7.9736,-8.9257,-9.7783,-10.983,-12.001,-12.376,-12.05,-10.779,-9.1859
4.083,3.5257,2.4886,1.0217,-0.4086,-2.7931,-5.5357,-7.0726,-6.8005,-4.8216,-2.8195,-1.6041,-0.43295,0.39815,0.87996,1.3795,1.7114,1.874,1.9902,1.9793,1.8211,1.5865,1.0905,0.30217,-0.51211,-1.7885,-3.2452,-4.4957,-5.6759,-5.2149,-3.6325,-2.3993,-0.95226,0.19,0.73858,1.0401,0.98623,0.64971,0.18217,-0.78995,-2.1526,-3.3966,-5.4024,-7.8874,-10.108,-13.436,-16.779,-19.395,-19.706,-17.601,-14.424,-11.823,-8.6153,-5.8978,-4.1698,-2.207,-0.57123,0.70537,1.4435,2.1338,2.5066,2.5642,2.3333,1.7215,0.68348,-0.38014,-2.052,-3.4904,-3.5928,-2.2203,-0.40076,0.92593,2.4655,3.6039,4.3645,4.7431,5.0436,5.1398,5.0764,4.8514,4.5255,4.253,3.9004,3.6952,3.6827,3.7717,4.0332,4.394,4.6709,4.9663,5.1696,5.2965,5.3811,5.5537,5.892,6.2987,7.0934,8.109,8.9367,10.037,11.076,11.994,12.575,13.182,13.592,13.761,13.794,13.599,13.304,12.699,11.844,10.72,9.6546,7.9352,5.867,3.9222,0.41867,-5.0434,-15.975,-11.775,-4.1132,-0.31862,1.4887,3.1538,4.3097,4.9905,5.775,6.5574,7.424,8.0866,8.9791,9.8272,10.385,10.961,11.304,11.399,11.318,10.999,10.44,9.8784,8.9683,7.9109,7.0621,5.9132,4.8207,3.918,3.402,2.9194,2.6905,2.6678,2.8052,3.0728,3.3413,3.8108,4.4055,5.1352,5.7293,6.5824,7.4514,8.0433,8.7141,9.223,9.4838,9.6479,9.5823,9.2888,8.9164,8.1996,7.221,6.3108,4.8664,3.1407,1.0968,-0.6386,-3.1843,-5.7974,-7.6219,-9.572,-10.877,-11.605,-12.855,-14.653,-16.214,-16.188,-14.329,-11.968,-10.661,-9.5477,-8.8443,-8.6435,-8.7966,-9.5486,-10.845,-12.155,-14.718,-19.206,-23.863,-20.757,-15.543,-12.105
2.7,2.4901,2.1062,1.6119,1.1815,0.58904,0.063273,-0.23267,-0.41501,-0.39926,-0.27237,-0.10313,0.15353,0.40063,0.57119,0.78827,0.98726,1.1134,1.2159,1.2235,1.0662,0.82808,0.30217,-0.56333,-1.5566,-3.3552,-5.5608,-7.9268,-11.172,-9.5931,-6.1951,-4.0519,-2.0607,-0.77644,-0.091471,0.44875,0.53035,0.25505,-0.13939,-0.94708,-2.1102,-3.2057,-4.9878,-7.1325,-9.049,-12.147,-16.288,-22.589,-29.29,-21.342,-15.475,-12.253,-8.8713,-6.2921,-4.6943,-2.8459,-1.3382,-0.14634,0.57501,1.3165,1.8154,2.0542,2.2014,2.1777,2.0256,1.8773,1.6945,1.6041,1.658,1.7999,2.0538,2.3463,2.7177,2.9614,3.0924,3.0921,2.9197,2.5142,2.0455,1.1471,-0.14389,-1.4051,-3.4614,-5.6488,-6.6664,-5.7694,-3.4565,-1.2364,0.095168,1.4063,2.3329,3.046,3.4913,3.9789,4.4699,4.8935,5.5665,6.3675,7.0445,8.0025,8.9662,9.8713,10.477,11.163,11.691,11.969,12.171,12.176,12.052,11.716,11.175,10.434,9.7569,8.6715,7.4024,6.3984,4.9916,3.6551,2.7292,2.373,2.191,2.1883,2.1802,1.8653,1.0235,0.040115,-1.634,-2.9291,-1.8458,0.19872,2.9492,5.144,6.4036,7.6254,8.4002,8.7237,8.8319,8.5938,8.0326,7.4046,6.2932,4.8782,3.6373,1.788,-0.041911,-1.3388,-1.6161,-1.024,0.13246,1.0691,2.2335,3.2657,3.9532,4.759,5.4822,6.1534,6.6115,7.1112,7.5538,7.8424,8.1241,8.2618,8.2676,8.1367,7.8288,7.3235,6.8146,5.9578,4.9059,4.0144,2.7005,1.2394,-0.30876,-1.4619,-2.973,-4.4938,-5.6507,-7.1345,-8.6882,-10.049,-12.192,-14.686,-16.907,-17.224,-15.367,-13.241,-11.912,-10.663,-9.8877,-9.6392,-9.732,-10.017,-10.444,-10.878,-11.513,-11.9,-12.011,-11.812,-11.015,-10.056
0.19587,0.63271,1.0838,1.3564,1.4333,1.3874,1.1997,0.98259,0.60528,0.16775,-0.33999,-0.77267,-1.3124,-1.7347,-1.939,-1.9795,-1.7112,-1.3534,-0.79211,-0.24829,0.19393,0.41157,0.53465,0.50796,0.37326,-0.035489,-0.4153,-0.53299,-0.6411,-0.52226,-0.15767,0.21416,0.78975,1.2081,1.3753,1.4843,1.4189,1.09,0.69589,0.033202,-0.81831,-1.5972,-2.7538,-4.0257,-5.0521,-6.4394,-7.6314,-8.4537,-8.7333,-8.5183,-7.7175,-6.8321,-5.5741,-4.3225,-3.3991,-2.2522,-1.2709,-0.43232,0.10291,0.70358,1.1684,1.4382,1.6991,1.8688,1.9725,2.0159,2.029,2.0239,1.9835,1.911,1.9053,1.8671,1.7297,1.5638,1.3771,1.1935,0.84431,0.35852,-0.11315,-0.96741,-2.2039,-3.4531,-5.627,-8.0117,-8.8887,-7.8668,-5.2568,-2.9713,-1.7243,-0.54912,0.17344,0.45162,0.40862,0.12952,-0.22591,-0.34558,-0.025785,1,2.1221,3.8024,5.4265,6.8498,7.764,8.7813,9.565,10.008,10.421,10.65,10.704,10.639,10.433,10.105,9.8038,9.2927,8.6938,8.2449,7.6648,7.0765,6.5028,6.1055,5.5849,4.9675,4.3919,3.4315,2.1192,0.79908,-1.3617,-3.0706,-2.165,-0.30165,2.2794,4.3753,5.5587,6.6857,7.3847,7.6566,7.6975,7.3912,6.7586,6.0605,4.7906,3.068,1.3918,-1.5573,-5.9298,-12.128,-11.858,-6.2216,-2.4474,-0.49846,1.3903,2.7689,3.5777,4.4297,5.0864,5.579,5.8861,6.2379,6.4776,6.6025,6.6995,6.7011,6.6154,6.3679,5.9447,5.3133,4.6852,3.6433,2.363,1.2464,-0.40321,-2.1013,-3.6485,-4.6026,-5.4806,-5.9309,-6.1044,-6.3335,-6.6565,-6.9407,-7.363,-7.8033,-8.2044,-8.3823,-8.4763,-8.5484,-8.6571,-8.7973,-9.1492,-9.5129,-10.055,-10.564,-11.04,-11.331,-11.435,-11.246,-11.034,-10.786,-10.545,-10.153
-2.5171,-1.0323,0.30452,1.1075,1.4445,1.5962,1.4412,1.1369,0.46996,-0.50189,-1.7877,-3.0657,-5.2574,-8.0872,-10.363,-11.531,-9.0775,-6.7928,-4.2355,-2.3014,-0.84452,0.0019995,0.84337,1.4379,1.8195,2.1739,2.2943,2.4258,2.6243,2.7324,2.8562,2.8925,2.9029,2.9136,2.8421,2.6099,2.3009,1.9024,1.5055,0.88995,0.20968,-0.33771,-1.1124,-1.9222,-2.505,-3.2111,-3.8295,-4.2872,-4.4922,-4.6018,-4.4544,-4.2118,-3.8218,-3.3176,-2.8787,-2.3101,-1.7808,-1.2924,-0.97565,-0.62976,-0.34085,-0.16563,0.034382,0.21313,0.36895,0.45094,0.5142,0.50038,0.41907,0.26974,-0.030407,-0.40192,-0.93169,-1.4204,-1.8734,-2.1121,-2.2059,-2.106,-1.99,-1.8286,-1.6963,-1.6716,-1.6658,-1.5429,-1.3819,-1.1804,-0.66765,-0.16689,0.08315,0.24773,0.14741,-0.43018,-1.2661,-3.037,-6.2443,-10.734,-30.509,-9.3279,-4.3359,-0.27231,2.4472,4.4175,5.5625,6.7487,7.6087,8.0824,8.5282,8.7988,8.9025,8.9342,8.884,8.7648,8.6371,8.4826,8.3147,8.1522,7.9667,7.8042,7.6102,7.4546,7.2637,7.0297,6.8029,6.4868,6.1703,5.9213,5.6983,5.6575,5.8394,6.1493,6.6753,7.2007,7.5438,7.8833,8.0326,8.0012,7.7754,7.3483,6.7166,6.1161,5.1854,4.136,3.2961,2.1993,1.2702,0.7017,0.59539,0.90858,1.5261,2.0563,2.7383,3.2963,3.6056,3.8752,3.996,3.9924,3.9347,3.9214,3.9667,4.0322,4.1819,4.3544,4.4367,4.4092,4.1671,3.6556,3.0694,1.9625,0.40078,-1.151,-3.8551,-7.6824,-13.863,-19.997,-14.886,-10.028,-7.88,-6.1295,-5.079,-4.571,-4.2033,-4.113,-4.1797,-4.3396,-4.7266,-5.2628,-5.8256,-6.8575,-8.3132,-9.6505,-11.845,-14.745,-17.381,-17.62,-15.716,-13.699,-12.564,-11.532,-11.251,-11.685
-0.54821,0.19993,0.97342,1.4427,1.6138,1.5979,1.2973,0.89691,0.098231,-1.0239,-2.4255,-3.7076,-5.8218,-8.2111,-9.827,-10.607,-8.9982,-7.2105,-4.9552,-3.0802,-1.577,-0.63856,0.38446,1.1303,1.5575,2.1271,2.4878,2.6155,2.7815,2.8809,2.9266,2.8909,2.6942,2.4535,2.2406,1.8115,1.2675,0.70205,0.23021,-0.46828,-1.1678,-1.6825,-2.3766,-3.0564,-3.5329,-4.1406,-4.7939,-5.3659,-5.7148,-6.0882,-6.2815,-6.3326,-6.1744,-5.7712,-5.4138,-4.9806,-4.5899,-4.3137,-4.2167,-4.2289,-4.3559,-4.4675,-4.5247,-4.3731,-4.0236,-3.682,-3.212,-2.8765,-2.7891,-2.9303,-3.5991,-4.3788,-5.7792,-7.9061,-10.645,-12.131,-11.122,-8.3058,-6.4125,-4.4491,-2.957,-2.0661,-1.1436,-0.45415,0.049907,0.44277,0.83989,1.0593,1.1723,1.1825,0.96482,0.56652,0.16229,-0.52335,-1.2987,-1.7205,-1.7705,-1.1739,-0.3626,0.94376,2.1819,3.2519,3.9077,4.5762,5.0138,5.2128,5.3222,5.2813,5.1889,5.0256,4.8567,4.7301,4.6564,4.7003,4.8558,4.9666,5.1525,5.424,5.7285,5.9391,6.2058,6.4808,6.6731,6.8873,7.0845,7.236,7.4417,7.6423,7.8022,7.9376,8.0945,8.1603,8.146,8.029,7.7508,7.4328,6.8789,6.1766,5.3541,4.7012,3.854,3.0907,2.637,2.2019,1.9877,1.9416,2.0084,2.209,2.4309,2.5702,2.6704,2.6238,2.4402,1.9561,1.1546,0.063236,-0.98123,-2.417,-3.1311,-2.8255,-1.5949,-0.16562,0.75206,1.6424,2.1065,2.1747,1.9635,1.3439,0.36027,-0.59771,-2.1719,-3.9289,-5.4591,-6.1329,-6.1073,-5.2425,-4.4724,-3.5372,-2.7445,-2.299,-1.9432,-1.7736,-1.782,-1.9465,-2.3569,-2.9383,-3.5392,-4.6499,-6.0551,-7.4134,-9.7259,-12.4,-14.599,-14.942,-13.237,-11.362,-10.393,-9.4428,-9.0514,-9.4299
1.9012,2.0431,2.1939,2.2474,2.1859,1.9402,1.4948,1.0175,0.20885,-0.82655,-2.0359,-2.9622,-4.1636,-5.1852,-5.6494,-5.7705,-5.3651,-4.7758,-3.7686,-2.6871,-1.6758,-1.0277,-0.28879,0.33124,0.63118,0.88362,1.2222,1.388,1.4785,1.5453,1.489,1.4228,1.2294,0.78955,0.36513,-0.29819,-1.1671,-2.205,-2.9832,-4.0047,-4.9341,-5.5056,-6.0798,-6.526,-6.8829,-7.4597,-8.1715,-9.1816,-10.144,-11.56,-12.944,-13.488,-12.907,-11.42,-10.271,-8.9402,-8.0083,-7.64,-7.7368,-8.4097,-9.8545,-11.508,-14.251,-15.043,-12.144,-9.7505,-7.3254,-5.769,-5.0521,-4.7393,-4.8978,-5.3152,-6.6096,-8.4883,-10.635,-11.821,-10.928,-8.4766,-6.7195,-4.6942,-3.1454,-2.228,-1.2155,-0.44608,0.21089,0.64976,1.0259,1.306,1.475,1.5907,1.5665,1.4861,1.3795,1.1825,1.0454,0.97257,0.95522,1.0999,1.2848,1.5735,1.9066,2.1962,2.3353,2.3603,2.1924,1.9129,1.3143,0.48481,-0.22553,-1.1824,-1.9669,-2.3201,-2.2841,-2.0478,-1.5848,-1.0251,-0.21967,0.61102,1.5414,2.2609,3.141,3.9591,4.5475,5.251,5.8581,6.2882,6.7786,7.2046,7.5678,7.7513,7.8785,7.8816,7.7692,7.4351,6.8823,6.3065,5.2913,3.9821,2.3909,1.0446,-0.80027,-2.2533,-2.743,-2.4425,-1.5223,-0.48565,0.22561,0.97621,1.5243,1.802,1.9654,1.8627,1.5901,0.90261,-0.26782,-2.0692,-4.0913,-8.3235,-13.108,-10.928,-5.7584,-2.41,-0.73769,0.77152,1.6747,2.1077,2.183,2.0026,1.5917,1.163,0.4959,-0.14445,-0.68423,-0.9971,-1.181,-1.1502,-1.0399,-0.77246,-0.47175,-0.28046,-0.065727,0.078491,0.07662,-0.0027287,-0.20633,-0.58243,-0.93758,-1.5067,-2.1895,-2.7713,-3.5079,-4.1708,-4.6533,-4.7896,-4.7882,-4.6183,-4.3662,-4.1519,-3.9733,-3.8198
3.0262,3.1178,3.2184,3.2638,3.2092,2.9802,2.5465,2.0497,1.165,-0.02525,-1.6402,-3.0982,-5.4101,-8.02,-9.5051,-9.3183,-7.2909,-5.623,-3.7243,-2.3091,-1.3034,-0.80049,-0.47865,-0.38664,-0.37032,-0.65436,-0.86628,-0.78171,-0.57995,-0.27206,-0.045902,0.043792,0.063298,-0.31018,-0.86756,-1.8677,-3.3474,-5.4461,-7.3436,-10.247,-12.8,-13.281,-12.134,-10.809,-10.181,-9.9089,-10.111,-11.086,-12.327,-14.891,-19.025,-22.981,-19.734,-14.448,-11.864,-9.4161,-7.8536,-7.0965,-6.9314,-7.2476,-8.2332,-9.3526,-10.945,-11.148,-9.3495,-7.5465,-5.4786,-3.9869,-3.2052,-2.598,-2.2319,-2.2787,-2.5913,-2.8581,-3.1854,-3.3521,-3.2972,-3.016,-2.7257,-2.2008,-1.634,-1.2458,-0.73552,-0.21888,0.32413,0.60185,0.95306,1.3361,1.5263,1.7006,1.84,1.8352,1.7508,1.5693,1.3567,1.155,0.88396,0.72769,0.6874,0.74013,0.90407,1.0767,1.1286,1.0172,0.57718,-0.058104,-1.3798,-3.4199,-5.6354,-9.8625,-15.865,-16.496,-13.243,-10.76,-9.9898,-9.3782,-7.966,-5.9217,-3.7572,-2.2147,-0.37422,1.0886,1.986,3.053,4.0385,4.7083,5.5458,6.2979,7.0022,7.4143,7.7982,7.9922,7.9764,7.703,7.1422,6.4999,5.2759,3.5792,1.255,-1.1109,-5.6361,-13.576,-16.674,-8.6164,-4.4635,-2.0411,-0.76281,0.43278,1.2971,1.7951,2.2822,2.5632,2.6492,2.5889,2.324,1.8946,1.5941,1.1768,1.0481,1.2577,1.8221,2.544,3.0807,3.6526,4.0106,4.115,4.0402,3.7426,3.2302,2.7406,2.0181,1.2538,0.55944,0.18767,-0.083401,-0.10208,0.05761,0.41928,0.81344,1.104,1.478,1.7388,1.8932,1.9636,1.9666,1.8276,1.6876,1.4528,1.165,0.9647,0.71632,0.48118,0.34484,0.3143,0.31058,0.38772,0.51773,0.68777,0.83899,1.061
1.4834,2.035,2.7213,3.2453,3.5153,3.6754,3.5766,3.3193,2.69,1.7439,0.357,-1.0517,-3.444,-6.5179,-8.5805,-8.1216,-5.3179,-3.3684,-1.4479,-0.23837,0.3363,0.41001,-0.015177,-1.1857,-2.4284,-4.6967,-7.8482,-8.8107,-6.6445,-3.971,-1.9377,-1.0389,-0.48712,-0.35526,-0.66709,-1.6328,-3.0527,-5.2119,-7.3807,-10.842,-14.251,-14.62,-12.553,-10.792,-9.9058,-9.2584,-9.2477,-9.3953,-9.5902,-9.8619,-9.9197,-9.7482,-8.8686,-7.6832,-6.6867,-5.326,-4.2399,-3.3948,-2.9319,-2.5431,-2.3272,-2.2281,-2.0575,-1.7801,-1.3298,-0.90339,-0.33537,0.18071,0.47367,0.79352,0.87086,0.76752,0.65767,0.33253,-0.087828,-0.39208,-0.88432,-1.3652,-1.6592,-2.0606,-2.3221,-2.3677,-2.3143,-2.0427,-1.663,-1.3895,-0.81079,-0.25029,0.091069,0.488,0.80813,0.90885,0.84933,0.55514,-0.13188,-0.85333,-2.0729,-3.4618,-4.1386,-3.8842,-2.5909,-1.138,-0.25403,0.50854,0.68922,0.44977,-0.37842,-1.8225,-3.3302,-5.7113,-7.9812,-9.1052,-9.8533,-11.008,-13.064,-17.741,-18.94,-11.631,-6.9337,-4.7872,-2.9478,-1.7466,-1.1976,-0.62699,0.18649,1.038,2.4949,4.1003,5.5023,6.4218,7.4163,8.0534,8.3206,8.4108,8.164,7.7707,6.981,5.8741,4.4842,3.3342,1.7625,0.42147,-0.26399,-0.69255,-0.72585,-0.54328,-0.40402,-0.0567,0.50989,1.0371,1.8432,2.6889,3.2721,3.942,4.4816,4.8677,5.1323,5.4586,5.7039,5.9025,6.1505,6.3535,6.4715,6.5306,6.4385,6.1628,5.8075,5.1228,4.1433,3.2056,1.6517,-0.28972,-2.4453,-3.8583,-4.6335,-3.7467,-2.5607,-1.0466,0.17346,0.91285,1.6358,2.1269,2.4719,2.6288,2.6972,2.7125,2.6479,2.5002,2.3306,2.2177,2.0693,2.0147,2.0568,2.1246,2.315,2.5762,2.7474,3.0514,3.3442,3.5774
-5.2058,-3.2093,-1.2852,0.0339,0.73915,1.3991,1.7849,1.9363,1.9295,1.7602,1.4683,1.1623,0.74801,0.40739,0.28642,0.38941,0.72279,1.0609,1.4596,1.6886,1.6071,1.2952,0.56422,-0.80539,-2.192,-4.2585,-6.9451,-7.4734,-6.1831,-4.2338,-2.6616,-1.7615,-1.229,-1.0892,-1.2077,-1.8082,-2.6259,-3.6707,-4.6118,-5.8074,-6.8674,-7.5187,-8.1777,-8.8294,-9.3153,-10.068,-11.055,-11.798,-12.129,-11.929,-10.901,-9.7717,-8.1363,-6.6653,-5.5783,-4.2575,-3.2091,-2.2956,-1.7482,-1.1958,-0.77751,-0.53794,-0.28563,-0.077055,0.10979,0.23216,0.35898,0.4696,0.50918,0.49639,0.25406,0.081128,-0.27366,-0.94851,-1.7213,-2.4472,-3.6819,-5.1251,-6.3431,-8.1617,-9.8965,-10.764,-11.033,-10.508,-9.7903,-8.9213,-7.6828,-6.7676,-5.926,-4.7468,-3.8445,-3.102,-2.7542,-2.7079,-3.2905,-4.147,-6.2293,-10.017,-13.962,-12.81,-7.1631,-3.6048,-1.8079,-0.24399,0.62243,0.93675,0.93691,0.57789,0.14375,-0.62596,-1.497,-2.2771,-2.931,-3.7899,-4.3705,-4.8882,-4.9618,-4.6608,-4.3439,-4.1092,-4.3088,-5.3398,-6.7676,-10.687,-18.896,-13.389,-5.8289,-1.3381,1.5626,3.1446,4.7398,5.8057,6.3362,6.7491,6.8264,6.6993,6.3183,5.696,4.8908,4.1783,3.0913,1.8952,0.92981,-0.51685,-2.2414,-4.3495,-6.2293,-8.3365,-8.1263,-6.3756,-3.7099,-1.4331,-0.048403,1.4388,2.6066,3.5351,4.0216,4.5827,5.0147,5.2307,5.4329,5.5502,5.5585,5.48,5.2732,4.9131,4.5137,3.7596,2.7074,1.6392,-0.26555,-2.8621,-6.6448,-10.311,-12.503,-8.7959,-6.2649,-4.0666,-2.7198,-2.0534,-1.5357,-1.2175,-1.0054,-0.93,-0.8793,-0.86516,-0.98035,-1.2701,-1.6966,-2.1018,-2.5667,-2.7089,-2.5108,-2.1573,-1.4548,-0.70455,-0.23777,0.30684,0.79199,1.1216
-7.4743,-6.1735,-4.7717,-3.6915,-3.0702,-2.4448,-1.9494,-1.6139,-1.1408,-0.68762,-0.18562,0.18419,0.63496,1.0864,1.4009,1.7758,2.1118,2.3063,2.4688,2.4808,2.3355,2.0877,1.6023,0.98908,0.34643,-0.32001,-0.98297,-1.3745,-1.6136,-1.6607,-1.7226,-1.7965,-1.8593,-2.2069,-2.5149,-3.0036,-3.7221,-4.436,-5.0405,-5.9155,-6.7805,-7.4616,-8.4853,-9.6122,-10.696,-12.575,-15.256,-20.186,-28.096,-26.654,-17.258,-13.579,-10.294,-7.9834,-6.5761,-5.1572,-4.0468,-3.2074,-2.7588,-2.3271,-2.0885,-2.0121,-2.024,-2.1128,-2.238,-2.3401,-2.4327,-2.4984,-2.5327,-2.649,-2.7824,-2.9461,-3.5101,-4.1741,-5.2099,-6.2555,-7.9385,-10.3,-12.556,-16.417,-22.985,-32.971,-28.573,-22.232,-20.237,-19.167,-19.044,-18.306,-16.302,-12.916,-10.065,-7.7612,-6.4443,-5.2284,-4.3938,-4.0982,-3.9128,-3.7708,-3.6012,-3.0093,-2.0868,-1.0375,-0.27058,0.57211,1.1905,1.4943,1.6866,1.6724,1.5493,1.2549,0.85329,0.35525,0.047739,-0.5128,-1.0545,-1.3274,-1.8318,-2.2072,-2.6726,-3.054,-3.6275,-4.4508,-5.0868,-5.886,-6.0311,-5.42,-3.7206,-1.8262,-0.089116,1.0635,2.2366,3.1057,3.5727,3.9367,4.0809,4.0546,3.8387,3.4611,2.9107,2.3833,1.5293,0.44988,-0.54129,-2.1543,-4.1875,-6.7538,-9.0664,-12.183,-12.224,-10.283,-7.4295,-5.1305,-3.736,-2.1863,-0.96618,0.046372,0.63726,1.1761,1.5518,1.7045,1.7774,1.7561,1.6974,1.6139,1.547,1.4729,1.3857,1.1671,0.78198,0.34722,-0.40529,-1.3348,-2.3337,-2.9881,-3.6759,-4.0562,-4.2597,-4.6365,-5.2018,-5.8637,-6.9245,-7.8877,-8.2727,-8.0078,-7.2448,-6.7591,-6.6472,-7.0509,-8.2862,-9.9213,-13.21,-17.017,-14.875,-11.625,-8.5181,-6.6613,-5.7001,-4.9958,-4.7406,-4.5962
-7.4744,-7.0035,-6.5575,-6.4119,-6.4963,-6.8086,-7.0964,-7.0557,-6.326,-4.9171,-3.3263,-2.1507,-0.74047,0.428,1.1616,1.954,2.5483,2.8701,3.1469,3.248,3.184,3.0406,2.6876,2.2622,1.8658,1.1841,0.63401,0.11149,-0.53952,-1.1683,-1.7478,-2.253,-2.8821,-3.5185,-4.0756,-4.7687,-5.5207,-6.3075,-6.8451,-7.552,-8.1997,-8.6496,-9.2131,-9.8043,-10.304,-11.063,-11.888,-12.579,-12.803,-12.37,-11.095,-9.8232,-8.2727,-6.79,-5.8635,-4.8773,-4.112,-3.6467,-3.4534,-3.4118,-3.6234,-3.9427,-4.5661,-5.39,-6.3008,-6.9009,-7.3851,-7.3841,-7.1044,-6.5665,-6.0229,-5.9276,-5.9513,-6.329,-7.1756,-8.032,-9.5437,-11.459,-13.102,-15.41,-17.699,-19.049,-20.094,-20.869,-20.652,-21.939,-23.899,-24.483,-21.189,-15.778,-11.872,-8.7083,-6.9143,-4.9993,-3.5168,-2.6425,-1.6863,-0.90914,-0.40256,0.22302,0.79711,1.339,1.6955,2.1012,2.4119,2.5567,2.6634,2.6541,2.5701,2.3888,2.1195,1.7372,1.4095,0.94002,0.3731,-0.066253,-0.70458,-1.3847,-1.9789,-2.4426,-2.9074,-3.1657,-3.2766,-3.0976,-2.7197,-2.298,-1.5716,-0.73767,0.012997,0.50921,1.0191,1.3497,1.4799,1.5129,1.4453,1.3478,1.1877,1.0104,0.77579,0.54932,0.13635,-0.4475,-1.0161,-1.9442,-3.069,-4.3036,-5.2482,-6.3111,-7.0756,-7.3621,-7.3291,-6.8312,-6.1825,-5.0978,-3.925,-3.011,-2.4095,-1.8943,-1.8161,-1.9631,-2.4751,-3.2667,-3.843,-4.2819,-4.0017,-3.1202,-2.3265,-1.3589,-0.66196,-0.31155,-0.1032,-0.15308,-0.36865,-0.67829,-1.2038,-1.9262,-2.6426,-3.8741,-5.6672,-7.5412,-11.283,-18.494,-24.872,-16.38,-11.419,-9.0408,-8.1697,-7.9073,-8.4495,-9.2809,-10.841,-11.896,-11.439,-10.305,-8.8603,-7.997,-7.7981,-8.1862,-9.5511,-11.964
-7.6078,-7.1713,-7.0386,-7.559,-8.4994,-10.787,-15.476,-24.886,-18.93,-10.505,-6.0912,-3.8411,-1.5732,0.12058,1.1079,2.1496,2.9101,3.3222,3.6862,3.8495,3.8058,3.6613,3.2999,2.7618,2.3168,1.4496,0.56317,-0.19154,-1.2691,-2.4119,-3.4317,-4.1942,-5.2473,-6.0907,-6.8251,-7.8341,-8.8148,-9.961,-10.713,-11.506,-11.882,-11.817,-11.361,-10.765,-10.241,-9.665,-9.1152,-8.5436,-8.1505,-7.4975,-6.8048,-6.2355,-5.5302,-4.8268,-4.4129,-3.9502,-3.6544,-3.577,-3.6486,-3.9862,-4.616,-5.3285,-6.69,-8.7284,-11.851,-15.469,-22.862,-18.297,-13.873,-10.304,-8.2601,-7.4425,-6.6901,-6.7446,-7.185,-7.8619,-9.2274,-10.94,-12.607,-15.102,-17.881,-19.762,-20.701,-19.845,-18.006,-17.1,-15.106,-13.372,-11.948,-9.7762,-7.7233,-5.7357,-4.4304,-2.8199,-1.5199,-0.67864,0.27257,1.0146,1.4991,2.0017,2.3805,2.6679,2.8126,2.9393,2.9975,2.9977,2.9637,2.8881,2.8039,2.659,2.451,2.1652,1.8169,1.3521,0.66248,-0.012204,-0.97754,-2.2187,-3.5057,-4.4809,-5.4795,-5.6807,-5.3476,-4.3788,-3.2399,-2.403,-1.4627,-0.75253,-0.21721,-0.047793,-0.039013,-0.32442,-0.74955,-1.4861,-2.3423,-2.8736,-3.1454,-2.8728,-2.2444,-1.7541,-1.2797,-1.0651,-1.1086,-1.4397,-2.1024,-3.102,-4.0403,-5.6472,-7.8181,-9.8782,-13.291,-15.06,-13.035,-9.4479,-6.7063,-4.8513,-3.9967,-3.327,-3.3454,-3.8106,-5.1963,-7.8313,-11.349,-23.974,-15.905,-8.2933,-5.2652,-2.633,-0.92841,-0.047301,0.72283,1.1366,1.2713,1.2043,0.94075,0.44856,-0.048439,-0.90519,-1.9662,-2.8517,-4.101,-5.0839,-5.5404,-5.4196,-4.934,-4.3411,-3.9833,-3.7388,-3.7057,-3.8084,-4.0023,-4.1896,-4.3245,-4.3572,-4.5208,-4.7654,-5.2224,-6.1204,-7.5015,-9.3467
-5.9604,-5.4239,-5.0967,-5.1525,-5.427,-6.0181,-6.569,-6.6898,-6.1334,-4.8185,-3.247,-2.0535,-0.63534,0.59277,1.373,2.2404,2.9213,3.3123,3.6608,3.813,3.7574,3.5657,3.1383,2.3988,1.7284,0.61157,-0.89894,-2.1039,-4.0103,-6.0829,-8.0744,-9.1823,-10.31,-10.908,-11.262,-12.106,-13.328,-15.406,-17.73,-22.231,-24.981,-21.146,-16.459,-13.303,-11.55,-9.751,-8.3856,-7.3131,-6.6406,-5.8771,-5.2419,-4.8725,-4.4197,-4.0957,-3.9328,-3.7944,-3.8156,-3.9245,-4.1008,-4.465,-4.9914,-5.5153,-6.4316,-7.5948,-8.9844,-10.001,-10.721,-10.229,-9.209,-7.6591,-6.5014,-5.7796,-5.2523,-5.2084,-5.5318,-6.094,-7.199,-8.79,-10.368,-13.08,-16.795,-20.204,-21.94,-18.021,-14.6,-12.637,-10.165,-8.424,-7.0499,-5.5688,-4.086,-2.7666,-1.8637,-0.76288,0.17318,0.78218,1.4569,1.9739,2.2604,2.5023,2.6011,2.5364,2.4061,2.1342,1.7863,1.5416,1.2629,1.1207,1.1122,1.1758,1.2569,1.3111,1.2247,0.89723,0.31128,-0.3742,-1.6393,-3.5241,-6.336,-9.44,-17.698,-22.042,-12.827,-7.5937,-4.6488,-3.1138,-1.6796,-0.82215,-0.38378,-0.34343,-0.66894,-1.5274,-2.5884,-4.8119,-8.5727,-13.501,-20.816,-10.957,-6.1727,-4.0186,-2.1829,-1.1027,-0.67925,-0.52803,-0.77192,-1.4127,-2.1419,-3.5123,-5.3009,-6.9269,-9.1684,-10.139,-9.2465,-7.0721,-5.0817,-3.5231,-2.6865,-2.0744,-1.8269,-1.9423,-2.3812,-3.0808,-3.613,-3.9408,-3.5122,-2.4222,-1.427,-0.18065,0.86381,1.4695,2.0562,2.4289,2.5808,2.6038,2.4928,2.2732,2.0499,1.6759,1.2796,0.96763,0.60856,0.33889,0.1785,0.14383,0.16594,0.22804,0.2772,0.32396,0.30562,0.23574,0.11164,-0.08406,-0.31406,-0.53642,-0.88481,-1.2987,-1.6705,-2.2199,-2.7403,-3.2223
-3.0022,-2.5664,-2.1651,-1.9404,-1.8593,-1.8377,-1.8396,-1.7918,-1.6653,-1.393,-1.033,-0.6971,-0.17388,0.38424,0.8516,1.4754,2.0726,2.4718,2.889,3.1306,3.1712,3.0331,2.6083,1.8928,1.0634,-0.251,-2.165,-3.9474,-7.0104,-11.307,-18.665,-28.731,-21.356,-16.79,-15.188,-14.368,-14.67,-15.433,-16.513,-17.675,-17.759,-16.681,-14.526,-12.272,-10.789,-9.1545,-7.8153,-6.8331,-6.218,-5.6244,-5.1999,-4.9921,-4.8211,-4.8158,-4.8497,-5.0268,-5.2736,-5.5766,-5.8152,-6.0594,-6.2092,-6.2371,-6.1708,-6.0143,-5.7948,-5.5633,-5.1812,-4.6555,-4.2063,-3.6153,-3.1085,-2.7594,-2.6139,-2.5704,-2.8661,-3.1992,-3.8628,-4.727,-5.4568,-6.5319,-7.4278,-7.939,-8.1448,-7.8519,-7.1675,-6.4014,-5.4299,-4.4088,-3.6712,-2.7336,-1.8459,-1.046,-0.46913,0.19322,0.78805,1.1771,1.5805,1.8824,1.9841,1.9769,1.7517,1.265,0.71005,-0.31796,-1.661,-2.819,-4.2052,-4.6846,-4.1889,-2.8796,-1.5095,-0.48813,0.1063,0.43645,0.46222,0.23131,-0.45299,-1.4061,-2.6848,-3.645,-4.7019,-4.8968,-4.4357,-3.3318,-2.1273,-1.324,-0.51282,0.12135,0.38499,0.44184,0.21217,-0.32222,-0.94292,-2.0476,-3.2838,-4.098,-4.3984,-3.639,-2.2783,-1.2778,-0.15,0.63889,1.0134,1.251,1.2181,0.95576,0.60393,0.045184,-0.60328,-1.0615,-1.5354,-1.7487,-1.694,-1.398,-0.90898,-0.43942,-0.060611,0.34806,0.63842,0.7942,0.92489,1.0052,1.0731,1.2105,1.4315,1.7301,1.9853,2.3233,2.6045,2.7623,2.8917,2.9223,2.8755,2.7938,2.6449,2.487,2.365,2.2447,2.155,2.125,2.1385,2.181,2.2746,2.3428,2.4516,2.5398,2.5766,2.5865,2.5299,2.4533,2.2711,2.0274,1.7083,1.4175,1.0061,0.50763,0.16288,-0.33701,-0.79151,-1.1591
-0.31618,0.00117,0.3205,0.49536,0.53312,0.47464,0.27528,0.03575,-0.37462,-0.92022,-1.4865,-1.9185,-2.3094,-2.2937,-1.9561,-1.1227,-0.09197,0.66592,1.552,2.2121,2.5919,2.6948,2.5327,2.1092,1.5106,0.42152,-1.0093,-2.4029,-4.5308,-6.9302,-9.4268,-10.715,-11.813,-11.963,-12.144,-12.385,-12.84,-13.261,-13.413,-13.344,-12.781,-12.095,-10.949,-9.7035,-8.8217,-7.7729,-6.9636,-6.3554,-6.0698,-5.8769,-5.8862,-5.959,-6.2215,-6.5472,-6.8816,-7.4496,-8.1676,-9.1379,-9.9281,-10.807,-10.859,-10.139,-8.5224,-6.7757,-5.1846,-4.1547,-2.9943,-2.033,-1.4428,-0.82212,-0.32127,-0.12664,0.035254,0.0032491,-0.17694,-0.40827,-0.82247,-1.3157,-1.706,-2.2007,-2.6329,-2.8706,-3.0568,-3.0662,-2.9341,-2.6946,-2.4591,-2.0354,-1.796,-1.414,-1.0828,-0.76777,-0.53696,-0.2221,0.11676,0.37134,0.71623,0.99541,1.1469,1.1883,0.97207,0.44273,-0.24786,-1.658,-3.9029,-6.457,-12.074,-17.278,-11.287,-5.9317,-2.8082,-0.81432,0.15076,1.0807,1.5412,1.6834,1.6468,1.4219,1.0751,0.79852,0.49893,0.28549,0.26583,0.30269,0.50309,0.66846,0.92938,1.1676,1.4079,1.5329,1.6424,1.6721,1.639,1.5725,1.5002,1.504,1.6031,1.8443,2.1767,2.45,2.7922,3.0416,3.1593,3.1992,3.0968,2.8821,2.6703,2.3266,1.9509,1.6719,1.3482,1.1115,0.99548,0.9499,1.0191,1.2223,1.381,1.725,2.0659,2.3392,2.6703,2.9677,3.1536,3.3383,3.4575,3.5006,3.4697,3.3528,3.1352,2.9143,2.551,2.1162,1.6687,1.3201,0.91677,0.59078,0.44487,0.41448,0.5716,0.81408,1.2223,1.702,2.1809,2.5141,2.8919,3.1778,3.3219,3.4011,3.3678,3.2675,3.0299,2.6892,2.2424,1.861,1.2623,0.60729,0.061136,-0.6808,-1.4664,-2.1688
0.89869,1.2037,1.5099,1.6658,1.6601,1.4739,1.0458,0.52097,-0.45559,-1.9258,-3.9975,-6.1714,-10.323,-14.214,-11.851,-7.066,-3.7123,-1.9005,-0.10803,1.1628,2.0044,2.4148,2.6538,2.6025,2.3937,1.7779,1.0094,0.22406,-0.98013,-2.2442,-3.7001,-4.6805,-6.1392,-7.5624,-8.7978,-10.689,-12.927,-15.461,-16.687,-16.304,-14.062,-12.286,-10.255,-8.6507,-7.7751,-6.8844,-6.4302,-6.286,-6.4592,-6.9551,-7.7474,-8.433,-9.3643,-9.9718,-10.32,-10.633,-11.272,-12.603,-14.499,-19.698,-27.538,-18.13,-11.425,-7.4744,-4.7384,-3.1836,-1.5715,-0.36836,0.31407,0.98227,1.4313,1.5664,1.6769,1.522,1.2806,0.97872,0.52213,0.00088325,-0.40109,-0.89077,-1.349,-1.6104,-1.8975,-2.0424,-2.1043,-2.1344,-2.1264,-2.1017,-2.1441,-2.2429,-2.4731,-2.7494,-3.0175,-3.243,-3.2093,-2.9487,-2.2401,-1.4049,-0.76099,-0.071045,0.36782,0.49376,0.38052,-0.028403,-0.68524,-1.2184,-1.7888,-1.8973,-1.5728,-0.74565,0.20797,1.1737,1.7145,2.3311,2.7064,2.8515,2.9476,2.8385,2.6315,2.3738,1.9955,1.5281,1.1739,0.68811,0.26898,0.033659,-0.028457,0.06674,0.48646,0.85802,1.4451,2.0076,2.3914,2.8421,3.2001,3.4424,3.701,3.9199,4.0692,4.1496,4.1809,4.1403,4.0481,3.844,3.5593,3.2,2.9108,2.457,1.9974,1.6323,1.1422,0.65578,0.30229,-0.090219,-0.36791,-0.32003,-0.12902,0.39639,1.1171,1.6996,2.4314,3.0452,3.3889,3.6756,3.7507,3.6057,3.3495,2.8139,2.072,1.4,0.37571,-0.74468,-1.9124,-2.7793,-3.8863,-4.8887,-5.3995,-5.5799,-4.9147,-3.9651,-2.4952,-1.0266,0.21546,0.99561,1.8,2.3583,2.6335,2.8027,2.7722,2.613,2.2709,1.7576,1.1287,0.58536,-0.24751,-1.1439,-1.9719,-3.1528,-4.6726,-6.5208
-0.22831,0.30086,0.87574,1.2632,1.4023,1.3459,1.0105,0.54555,-0.38168,-1.6796,-3.4129,-4.95,-7.0677,-8.2084,-7.7788,-6.0147,-4.0223,-2.6679,-1.129,0.1059,1.0812,1.6185,2.158,2.3605,2.445,2.2548,1.8935,1.4772,0.74757,-0.1365,-1.164,-2.0672,-3.3595,-4.9497,-6.2854,-8.5523,-11.367,-15.098,-17.586,-16.731,-13.22,-11.008,-8.8127,-7.3364,-6.576,-6.0073,-5.8942,-6.2969,-6.9587,-8.4183,-10.747,-13.393,-18.471,-22.138,-18.426,-14.27,-12.046,-10.816,-10.309,-9.7324,-8.8476,-7.8074,-6.0645,-4.2403,-2.5567,-1.4716,-0.25599,0.66657,1.1894,1.6641,1.8576,1.8831,1.6957,1.2997,0.70645,0.14958,-0.70125,-1.6272,-2.3285,-3.2022,-3.9214,-4.3239,-4.677,-4.84,-4.8382,-4.8697,-4.6658,-4.7332,-4.7417,-5.0804,-5.7458,-6.98,-8.4231,-11.286,-14.482,-13.698,-9.4591,-5.9088,-3.9463,-2.0317,-0.70044,0.15688,0.5769,0.88833,1.0222,1.0372,1.0347,1.0631,1.1291,1.3006,1.5417,1.7758,2.0121,2.2048,2.3821,2.4579,2.458,2.3113,2.0228,1.67,1.0092,0.1081,-0.79044,-2.2117,-4.02,-5.4161,-6.69,-6.3099,-4.6367,-3.1704,-1.4043,0.0063024,0.87062,1.769,2.4442,2.8151,3.1683,3.3677,3.4368,3.4037,3.2432,2.9608,2.664,2.1744,1.6038,0.96137,0.45734,-0.20354,-0.8389,-1.3137,-2.0052,-2.8586,-3.665,-5.0608,-6.7775,-8.1067,-7.6892,-5.6026,-3.0263,-1.3663,0.38178,1.6291,2.26,2.7445,2.8191,2.493,1.9969,0.96582,-0.4793,-1.8635,-4.0346,-6.4489,-8.7147,-10.089,-11.819,-14.121,-17.47,-29.488,-17.965,-12.22,-7.6892,-4.7006,-2.6301,-1.4809,-0.36137,0.35729,0.66235,0.80566,0.6432,0.34002,-0.29247,-1.1546,-2.1801,-3.0137,-4.0742,-5.0328,-5.6832,-6.6143,-7.8099,-9.6847
-2.8046,-1.6009,-0.33371,0.54442,0.97059,1.2427,1.1917,0.97166,0.41565,-0.34064,-1.2915,-2.0315,-2.9801,-3.6892,-4.0163,-4.0672,-3.692,-3.156,-2.2039,-1.13,-0.093799,0.59927,1.3322,1.8809,2.067,2.2415,2.0997,1.914,1.5024,0.88881,0.21176,-0.44471,-1.3213,-2.3589,-3.1225,-4.2198,-5.2017,-6.0351,-6.3577,-6.4145,-6.0212,-5.5668,-4.8982,-4.3471,-4.0337,-3.8803,-3.9988,-4.4859,-5.071,-6.2504,-7.8331,-9.2308,-11.059,-11.705,-11.16,-9.5965,-8.0083,-6.6763,-5.8287,-4.8054,-3.8361,-3.1099,-2.1368,-1.1707,-0.26653,0.34787,1.0434,1.5655,1.8335,1.9989,1.9248,1.7366,1.1789,0.40773,-0.72917,-1.7468,-3.4422,-5.4018,-7.0253,-9.1018,-10.602,-11.19,-11.246,-10.999,-10.545,-9.9485,-9.2268,-8.3529,-7.8298,-7.3706,-7.3353,-7.8759,-8.6078,-10.111,-11.065,-10.509,-8.069,-5.4402,-3.7426,-1.9777,-0.67695,0.24069,0.71305,1.1058,1.2804,1.2881,1.1833,0.9902,0.80886,0.55417,0.36463,0.226,0.22202,0.32278,0.49927,0.66593,0.77641,0.82536,0.64204,0.38623,-0.26221,-1.2451,-2.3073,-4.2483,-7.0976,-10.298,-15.618,-13.967,-8.7115,-6.0399,-3.4913,-1.7449,-0.75658,0.21177,0.9051,1.2455,1.5328,1.6285,1.5699,1.4075,1.0604,0.51204,-0.02002,-0.91765,-2.0503,-3.3506,-4.3761,-5.5103,-6.2006,-6.3244,-6.2709,-6.3462,-6.7335,-7.9568,-10.256,-13.41,-12.857,-8.3357,-4.3782,-2.1857,-0.036014,1.4054,2.1199,2.6239,2.6575,2.2276,1.5817,0.25636,-1.7065,-3.7011,-7.3988,-13.164,-26.977,-24.866,-16.413,-13.857,-13.009,-12.017,-10.442,-8.9131,-6.8317,-5.011,-3.5541,-2.6922,-1.8572,-1.3045,-1.1061,-1.1181,-1.4766,-1.988,-3.0966,-4.6976,-6.9737,-9.0595,-11.98,-13.017,-11.856,-10.083,-8.6709,-7.8701
-3.6567,-1.9291,-0.24851,0.89415,1.4614,1.9036,2.0102,1.8934,1.5037,0.83868,-0.070548,-0.92669,-2.3035,-4.011,-5.4638,-7.4503,-8.4861,-7.8581,-5.7463,-3.4485,-1.5426,-0.39028,0.75235,1.572,1.9358,2.1862,2.2011,2.0696,1.7588,1.3228,0.77605,0.36472,-0.25206,-0.79826,-1.2109,-1.6326,-1.9887,-2.1738,-2.2425,-2.1801,-2.0045,-1.8191,-1.5668,-1.3258,-1.2141,-1.142,-1.2319,-1.4498,-1.7256,-2.177,-2.6965,-3.0841,-3.4508,-3.6321,-3.5661,-3.3217,-2.8802,-2.3793,-1.9688,-1.4236,-0.86516,-0.44326,0.12944,0.69776,1.2363,1.6116,2.0271,2.3332,2.4536,2.4481,2.254,1.8906,1.2233,0.1559,-1.258,-2.683,-5.0939,-8.4491,-11.86,-19.188,-43.912,-24.248,-19.609,-18.89,-19.904,-19.225,-16.202,-12.224,-10.076,-7.893,-6.4345,-5.4363,-4.9345,-4.3395,-3.795,-3.2609,-2.4485,-1.5225,-0.86369,-0.044004,0.60075,1.0669,1.2697,1.3566,1.2095,0.96601,0.43286,-0.32919,-1.0411,-2.1419,-3.3047,-4.1018,-4.4179,-4.003,-3.1441,-2.4375,-1.5214,-0.86639,-0.48998,-0.40236,-0.53571,-0.95775,-1.4428,-2.29,-3.2343,-3.8568,-4.4614,-4.405,-3.9209,-3.3189,-2.5234,-1.7573,-1.3128,-0.8502,-0.5846,-0.46868,-0.44922,-0.53493,-0.74342,-0.96425,-1.3846,-1.9837,-2.6086,-3.7702,-5.4799,-7.9927,-10.799,-17.432,-22.134,-15.072,-9.997,-7.1867,-5.8499,-4.645,-3.7446,-2.9555,-2.1302,-0.87679,0.53597,1.5316,2.7053,3.5819,4.0318,4.3254,4.2788,3.8839,3.35,2.322,0.9184,-0.35138,-2.3029,-4.2869,-5.8572,-6.5053,-6.607,-6.3015,-5.9577,-5.5255,-5.0463,-4.7139,-4.233,-3.8191,-3.3986,-3.1119,-2.7223,-2.4003,-2.2077,-2.132,-2.3187,-2.7148,-3.6109,-5.1092,-7.2883,-9.5543,-12.9,-13.712,-11.719,-8.7811,-6.6477,-5.0641
-0.95602,-0.00063395,1.0326,1.8009,2.1907,2.4869,2.5385,2.4083,2.0522,1.4246,0.55343,-0.32849,-1.8456,-3.9464,-6.0516,-9.9904,-13.877,-12.041,-7.4477,-4.1467,-1.8737,-0.67961,0.48704,1.1312,1.4735,1.5,1.3612,1.0671,0.51781,-0.083491,-0.80577,-1.2373,-1.8408,-2.181,-2.3933,-2.425,-2.3676,-2.111,-1.8905,-1.5072,-1.1068,-0.8031,-0.43568,-0.10732,0.06521,0.24554,0.30278,0.28419,0.1927,0.04301,-0.1628,-0.30528,-0.47084,-0.61867,-0.66449,-0.71083,-0.70359,-0.69157,-0.64999,-0.59369,-0.49686,-0.3826,-0.14829,0.19456,0.62449,0.97368,1.4243,1.8063,1.9991,2.1048,2.009,1.741,1.236,0.36343,-0.76706,-1.8874,-3.6484,-5.813,-7.5789,-9.9731,-11.885,-12.84,-13.942,-15.171,-16.737,-16.661,-13.85,-10.338,-8.2071,-5.9044,-4.2408,-2.9534,-2.2663,-1.4773,-0.91765,-0.53018,-0.12483,0.26407,0.48878,0.7584,0.93693,1.011,0.97052,0.77859,0.3741,-0.089507,-0.99075,-2.3086,-3.6442,-6.0869,-9.9818,-16.712,-24.151,-14.05,-8.6188,-6.4129,-4.1452,-2.7684,-1.8049,-1.3958,-1.0658,-1.0495,-1.1529,-1.4642,-1.8676,-2.1253,-2.5715,-2.7673,-2.9315,-2.9218,-2.931,-2.8722,-2.9038,-3.0054,-3.3132,-3.5848,-4.0616,-4.504,-4.8551,-4.9764,-5.0509,-5.072,-5.1952,-5.5743,-6.2321,-7.1964,-8.0699,-8.9313,-8.8662,-7.865,-5.9822,-4.0197,-2.7002,-1.1325,0.18921,1.3973,2.198,3.2103,4.1123,4.7067,5.3531,5.8224,6.0399,6.1468,6.0365,5.7182,5.3557,4.727,3.956,3.3111,2.4175,1.5397,0.75966,0.24312,-0.31914,-0.81497,-1.1575,-1.6853,-2.3017,-2.8868,-3.8016,-4.865,-5.8258,-6.2594,-6.0549,-5.2604,-4.4811,-3.5591,-2.9226,-2.687,-2.6165,-2.8833,-3.3141,-3.7064,-4.0494,-4.1382,-3.9242,-3.4603,-2.8388,-2.1879
0.84445,1.2282,1.6439,1.9247,2.0394,2.0581,1.9462,1.7773,1.4619,1.0419,0.52823,0.071564,-0.61047,-1.3681,-1.9343,-2.5361,-2.7566,-2.5803,-1.9925,-1.1874,-0.41993,0.038308,0.44399,0.52743,0.45191,0.025557,-0.65127,-1.394,-2.6116,-4.0247,-5.5924,-6.636,-7.6632,-8.0343,-7.8495,-7.2853,-6.454,-5.5662,-4.8542,-3.9352,-3.0507,-2.4425,-1.706,-1.1043,-0.74102,-0.40331,-0.20461,-0.15373,-0.18004,-0.2984,-0.46353,-0.59065,-0.78769,-0.94444,-1.0818,-1.2586,-1.5192,-1.8651,-2.2274,-2.8113,-3.4756,-3.9245,-4.2475,-4.0178,-3.2335,-2.4517,-1.3743,-0.46289,0.077485,0.56363,0.74889,0.77476,0.51614,0.10996,-0.55105,-1.1126,-1.9951,-2.941,-3.6596,-4.5792,-5.3629,-5.8506,-6.2924,-6.5303,-6.4699,-6.0508,-5.4438,-4.343,-3.6261,-2.5679,-1.7329,-1.0607,-0.68477,-0.37975,-0.22271,-0.21474,-0.2855,-0.4336,-0.54835,-0.70828,-0.81744,-0.91264,-0.97891,-1.1444,-1.4283,-1.7997,-2.4951,-3.5055,-4.4575,-6.0204,-7.8336,-9.1613,-9.7804,-9.0545,-7.7797,-6.6054,-5.2633,-4.1305,-3.2835,-2.8169,-2.4461,-2.3465,-2.421,-2.7293,-3.2499,-3.757,-4.4803,-5.2238,-5.7607,-6.0373,-6.1566,-6.2537,-6.3466,-6.7318,-7.5085,-8.4728,-10.285,-12.549,-14.042,-13.609,-11.676,-9.8069,-8.7436,-7.7079,-7.0133,-6.5535,-6.1981,-5.5674,-4.7244,-3.9214,-2.6546,-1.2749,-0.2208,1.1411,2.3775,3.5214,4.2503,5.1133,5.7918,6.2018,6.578,6.7863,6.8201,6.7331,6.5007,6.1572,5.849,5.3957,4.9305,4.5819,4.132,3.6827,3.2245,2.8776,2.3398,1.725,1.1498,0.21523,-1.0553,-2.2713,-4.4966,-7.7465,-13.389,-23.223,-17.861,-10.33,-7.4662,-5.0685,-3.5419,-2.7613,-2.074,-1.6619,-1.4649,-1.384,-1.366,-1.3835,-1.4189,-1.4931,-1.574,-1.7062
1.5597,1.642,1.6489,1.5008,1.3033,0.93322,0.48606,0.16976,-0.20396,-0.39492,-0.45352,-0.39434,-0.26975,-0.11572,-0.0016021,0.16653,0.35591,0.50705,0.72342,0.91717,1.0161,1.0294,0.83048,0.50729,-0.049101,-0.86249,-2.185,-3.3882,-5.4864,-8.3367,-12.217,-16.397,-23.267,-21.384,-17.563,-14.624,-12.529,-10.844,-9.5312,-7.7913,-6.1231,-4.9894,-3.6944,-2.6972,-2.1173,-1.6261,-1.3971,-1.4444,-1.6067,-1.9915,-2.4265,-2.7515,-3.0382,-3.1246,-3.1212,-3.0915,-3.2043,-3.6082,-4.2122,-5.5606,-7.8353,-10.535,-16.278,-16.364,-10.071,-6.9765,-4.2034,-2.4054,-1.4801,-0.68716,-0.28291,-0.163,-0.25718,-0.48453,-0.80968,-1.0796,-1.4265,-1.7231,-1.8915,-2.0541,-2.1123,-2.1022,-1.9751,-1.7785,-1.4535,-1.1836,-0.74894,-0.32357,0.026356,0.36425,0.62482,0.67923,0.62886,0.32653,-0.17239,-0.72938,-1.6276,-2.7191,-3.5146,-4.3789,-4.7326,-4.5327,-4.1752,-3.6874,-3.3743,-3.3003,-3.4573,-3.8589,-4.3289,-5.0661,-5.8339,-6.5227,-6.8746,-7.1,-7.0593,-6.6322,-6.0543,-5.2381,-4.5204,-4.0086,-3.5861,-3.4001,-3.5339,-4.016,-4.984,-6.1203,-8.0057,-10.697,-13.137,-13.61,-11.964,-10.216,-9.3222,-8.9317,-9.301,-10.245,-12.377,-15.79,-19.014,-17.724,-14.095,-11.433,-10.138,-8.9928,-8.317,-7.7281,-7.1758,-6.2165,-4.8197,-3.6271,-1.9058,-0.19418,1.0432,2.5394,3.9025,5.0137,5.7454,6.5019,7.0457,7.2981,7.446,7.3568,7.1503,6.6947,6.0882,5.4052,4.9082,4.3633,4.0419,3.956,3.9837,4.0829,4.1428,4.1189,3.9531,3.597,3.1899,2.4366,1.4218,0.46122,-1.0496,-2.8027,-4.4816,-5.3852,-5.5834,-4.9121,-4.1736,-3.1694,-2.3391,-1.8047,-1.2588,-0.80314,-0.48124,-0.30579,-0.22731,-0.29099,-0.49579,-0.93827,-1.6869,-2.7651
1.8868,1.8327,1.542,0.97644,0.34259,-0.78257,-2.2237,-3.3827,-4.61,-4.7448,-3.6935,-2.5943,-1.1807,-0.0155,0.68336,1.3832,1.8657,2.1046,2.2977,2.3295,2.2279,2.0411,1.6597,1.0976,0.49092,-0.49329,-1.8726,-3.0794,-5.0768,-7.6709,-10.547,-13.111,-15.763,-17.135,-17.78,-18.583,-20.183,-19.143,-16.276,-12.113,-8.7634,-6.7747,-4.7554,-3.3039,-2.5672,-1.972,-1.8735,-2.2363,-2.8755,-4.1827,-6.0461,-7.5855,-8.747,-8.0007,-6.6328,-5.0075,-3.8937,-3.4279,-3.4451,-3.9979,-5.0808,-6.1181,-7.246,-7.0804,-5.5495,-4.1698,-2.5726,-1.4114,-0.85249,-0.46936,-0.41566,-0.66174,-1.0556,-1.6913,-2.2083,-2.5157,-2.6267,-2.4179,-2.0954,-1.5062,-0.86101,-0.35314,0.28275,0.92323,1.505,1.8614,2.3719,2.6823,2.8995,2.9959,2.9457,2.6775,2.2951,1.5738,0.46103,-0.63354,-2.6385,-5.4808,-8.5657,-14.742,-16.838,-10.804,-7.961,-5.6183,-4.3154,-3.7605,-3.52,-3.6977,-4.0847,-4.8489,-5.8125,-7.1949,-8.0665,-9.5418,-10.161,-10.195,-9.0345,-7.4621,-5.7925,-4.8153,-3.7428,-3.1402,-2.9885,-3.2364,-4.0506,-5.0916,-7.1554,-10.31,-13.713,-14.2,-11.359,-8.7018,-7.4214,-6.4319,-6.1661,-6.2332,-6.6661,-7.2017,-7.5846,-7.7206,-7.6672,-7.6485,-7.7835,-8.4108,-9.6815,-11.603,-13.043,-12.211,-8.2922,-5.383,-2.107,0.54736,2.2108,4.0903,5.599,6.8303,7.5508,8.2688,8.7081,8.8391,8.7535,8.3356,7.7935,6.7203,5.214,3.2612,1.6079,-0.23141,-0.43206,0.53711,2.2283,3.6911,4.7483,5.2712,5.6898,5.789,5.6979,5.3545,4.8128,4.2838,3.4624,2.5714,1.6671,1.0497,0.32088,-0.27565,-0.6598,-1.0307,-1.236,-1.2355,-0.96645,-0.48944,0.10215,0.48258,0.8722,0.98306,0.86623,0.36584,-0.62621,-2.1956
1.6139,1.641,1.3473,0.66344,-0.16683,-1.8358,-4.4124,-7.4416,-14.909,-16.457,-7.9635,-4.5959,-1.6914,0.18849,1.1658,2.0345,2.5352,2.7275,2.7688,2.6368,2.3886,2.1143,1.7402,1.1451,0.79601,-0.067281,-0.96593,-1.8723,-3.2109,-4.8509,-6.5045,-7.9913,-9.7061,-11.634,-13.074,-15.255,-17.593,-17.25,-14.869,-11.154,-7.9758,-6.058,-4.0089,-2.4923,-1.7023,-1.0755,-0.95593,-1.3803,-2.1178,-3.7962,-6.5794,-9.647,-13.491,-10.229,-6.9617,-4.0243,-2.1636,-1.0598,-0.57724,-0.26134,-0.18853,-0.19661,-0.18036,-0.049485,0.21285,0.4605,0.73546,0.86489,0.79099,0.41658,-0.3671,-1.2144,-2.851,-4.9508,-7.5601,-9.0336,-8.994,-7.0085,-5.3273,-3.3539,-1.6875,-0.60082,0.68408,1.804,2.7557,3.3787,4.021,4.5175,4.6987,4.8253,4.6807,4.3358,3.8911,3.0859,1.9897,0.96603,-0.69605,-2.7075,-4.3238,-6.2228,-6.828,-5.9106,-4.9122,-3.7167,-2.9553,-2.6905,-2.7018,-3.1507,-3.7003,-4.8223,-6.3369,-8.425,-10.407,-14.641,-23.469,-27.596,-15.085,-9.6561,-6.4132,-4.5918,-2.8712,-1.7013,-1.1092,-0.72603,-0.6797,-0.85816,-1.342,-1.8879,-2.2831,-2.4066,-2.2922,-1.9692,-1.741,-1.4976,-1.4563,-1.5251,-1.7503,-2.0719,-2.4279,-2.7205,-3.1639,-3.7534,-4.3236,-5.383,-6.8876,-8.9669,-10.318,-9.6318,-6.0758,-3.3492,-0.19209,2.4023,4.0386,5.8834,7.3871,8.5841,9.2825,9.9698,10.357,10.456,10.288,9.774,9.1154,7.8214,5.9019,3.0972,0.08553,-5.3331,-5.2569,-1.4512,2.24,4.5482,6.0553,6.8153,7.4599,7.7871,7.8526,7.75,7.443,7.1124,6.5218,5.7963,4.9283,4.1721,2.9721,1.5147,0.19831,-1.9747,-4.3991,-5.7246,-5.1541,-2.8772,-0.64899,0.63789,1.8829,2.5919,2.8389,2.7759,2.3401,1.566
0.8632,1.0436,0.99883,0.65814,0.24586,-0.48479,-1.3149,-1.9525,-2.4283,-2.2758,-1.3998,-0.5132,0.61793,1.5447,2.0047,2.3354,2.3201,2.1,1.5668,0.88529,0.17546,-0.22874,-0.59019,-0.72688,-0.77242,-0.94887,-1.2368,-1.6855,-2.5331,-3.5217,-4.8117,-5.8561,-7.2609,-8.6728,-9.3561,-10.119,-10.091,-9.417,-8.5269,-6.9268,-5.187,-3.9186,-2.4043,-1.1311,-0.36371,0.36568,0.78615,0.85625,0.72809,0.32048,-0.20019,-0.54165,-0.69439,-0.42857,0.024309,0.74051,1.393,1.9199,2.1702,2.3807,2.4716,2.4922,2.4956,2.5082,2.5171,2.5021,2.4149,2.17,1.8531,1.1602,0.051301,-1.0615,-3.1831,-6.2193,-10.253,-13.8,-13.737,-10.128,-8.0884,-5.8422,-3.9528,-2.5653,-0.74672,0.89856,2.3538,3.2941,4.2058,4.8968,5.1838,5.3443,5.2262,4.8422,4.4358,3.6809,2.8174,2.1024,1.1446,0.28475,-0.29211,-0.82352,-1.0944,-1.1419,-1.1092,-1.0653,-1.1499,-1.3934,-1.9518,-2.8269,-3.685,-5.0503,-6.7003,-8.1249,-9.3419,-10.26,-10.454,-10.07,-8.3732,-6.3681,-4.2369,-2.7916,-1.179,0.14276,0.89944,1.6927,2.2145,2.4686,2.6276,2.7158,2.6653,2.6343,2.5337,2.3861,2.2442,1.9687,1.6476,1.3192,0.85973,0.36181,-0.1553,-0.50672,-0.97029,-1.3727,-1.6527,-1.9448,-2.1544,-2.1577,-1.8911,-1.1798,0.0073897,1.1418,2.7786,4.444,5.6348,7.1011,8.4127,9.4829,10.161,10.842,11.276,11.436,11.42,11.136,10.747,10.004,9.0379,7.9415,7.149,6.3637,6.1058,6.2689,6.7837,7.3941,7.9319,8.253,8.5334,8.6725,8.6774,8.5786,8.3527,8.1015,7.6673,7.0819,6.3419,5.6466,4.4754,2.9534,1.4628,-1.1783,-4.7921,-7.4414,-6.2727,-2.4484,0.48525,2.0924,3.564,4.5212,4.9187,5.1415,5.059,4.6974
0.61732,0.49848,0.20592,-0.10884,-0.25572,-0.23715,-0.028707,0.2619,0.7545,1.3215,1.9338,2.3555,2.8284,3.0799,3.0911,2.8025,2.088,1.2079,-0.48307,-2.9179,-6.0631,-7.942,-7.6359,-5.0456,-3.7792,-2.3044,-1.8299,-1.7498,-2.1798,-3.0136,-4.4105,-5.5784,-7.7042,-9.9724,-11.563,-12.525,-11.41,-9.4243,-7.7555,-5.7143,-3.8679,-2.6277,-1.1453,0.10634,0.90635,1.8019,2.4874,2.9945,3.2607,3.5125,3.6685,3.7623,3.8587,3.9685,4.0253,4.0952,4.0728,3.9497,3.7848,3.4748,3.1191,2.8646,2.6107,2.5038,2.5398,2.6127,2.7119,2.7045,2.5796,2.1975,1.5742,0.81864,-0.31616,-1.7785,-3.3761,-4.4936,-5.9382,-7.4028,-8.6767,-10.285,-9.5922,-7.111,-3.5304,-0.54624,1.6717,2.9707,4.2246,4.9909,5.361,5.4389,5.2134,4.6357,4.0188,2.9982,1.8307,0.99365,0.089557,-0.37532,-0.43934,-0.25545,0.071085,0.35154,0.49317,0.46517,0.17061,-0.24094,-1.1492,-2.4597,-3.8145,-6.0655,-9.0391,-11.937,-13.546,-12.225,-9.8176,-8.0455,-5.8452,-3.8856,-2.0861,-0.925,0.57834,1.8224,2.6678,3.584,4.3058,4.7141,5.1379,5.3562,5.4228,5.3651,5.1619,4.7919,4.4166,3.7641,2.9662,2.294,1.314,0.33386,-0.53913,-1.0594,-1.4643,-1.5682,-1.5046,-1.3142,-1.0255,-0.60242,-0.22409,0.48356,1.3889,2.2258,3.4964,4.8759,5.9291,7.3016,8.5278,9.6444,10.332,11.088,11.633,11.897,12.08,12.058,11.928,11.616,11.189,10.694,10.321,9.854,9.4618,9.2308,8.9774,8.7908,8.611,8.4791,8.3086,8.126,8.0019,7.8306,7.6746,7.5387,7.341,7.0941,6.7626,6.4588,5.9687,5.3634,4.8665,4.1922,3.686,3.5227,3.7417,4.3709,5.1862,5.8056,6.5039,7.0105,7.2381,7.3443,7.1995,6.83
-0.16621,-1.3283,-3.2974,-5.2313,-5.819,-4.6668,-2.5952,-1.0654,0.56958,1.8596,2.8147,3.321,3.7909,3.9459,3.8746,3.4613,2.636,1.6988,-0.077637,-2.5747,-5.8705,-7.9023,-7.2352,-4.8222,-3.0675,-1.6463,-1.0685,-0.94692,-1.2898,-2.174,-3.6915,-5.0297,-7.7826,-11.617,-15.623,-20.432,-15.069,-10.433,-8.1007,-5.6664,-3.7826,-2.5873,-1.1501,0.1035,0.95087,1.9545,2.8239,3.5943,4.0708,4.6222,5.0465,5.2824,5.4911,5.5837,5.5305,5.3176,4.8953,4.1915,3.5035,2.3064,0.86226,-0.26605,-1.426,-1.6442,-0.855,0.0095612,1.1143,1.9558,2.373,2.655,2.6543,2.4318,1.9454,1.2672,0.26599,-0.60577,-2.0689,-4.0789,-5.9862,-8.7461,-8.8014,-6.2256,-2.5318,0.29061,2.3378,3.5036,4.5995,5.1938,5.4373,5.3257,4.8321,3.8926,2.8239,0.89289,-1.8283,-4.4998,-8.1966,-8.1267,-5.6958,-2.8773,-0.95136,0.25154,0.83468,1.1751,1.0895,0.78558,-0.034254,-1.293,-2.6028,-4.9281,-8.1866,-11.859,-13.917,-12.08,-8.5438,-6.8069,-4.668,-2.9315,-1.4733,-0.42605,0.9253,2.1581,3.0718,4.1243,5.0174,5.558,6.1108,6.4148,6.5317,6.443,6.1356,5.5834,4.9934,3.9688,2.5879,1.3493,-0.6875,-3.1325,-5.6617,-7.0864,-7.1835,-5.9648,-4.891,-3.8051,-3.1266,-2.7503,-2.6237,-2.3398,-1.767,-0.93977,0.61669,2.4648,3.879,5.6305,7.1482,8.4614,9.2491,10.123,10.772,11.118,11.419,11.538,11.527,11.384,11.116,10.744,10.409,9.8794,9.2863,8.8049,8.1042,7.366,6.5971,6.0228,5.3337,4.7743,4.5022,4.3173,4.3345,4.44,4.6327,4.8847,5.1445,5.3345,5.6041,5.833,6.0105,6.2344,6.4887,6.6991,7.017,7.3889,7.7575,8.0158,8.3083,8.4829,8.5444,8.4795,8.2324,7.7958
-1.2857,-2.9836,-6.2121,-10.881,-13.328,-9.3599,-5.1632,-2.9848,-0.85697,0.64303,1.6844,2.2539,2.7477,2.9994,3.038,2.8899,2.5287,2.1327,1.458,0.69364,0.0052143,-0.30323,-0.54843,-0.44439,-0.23194,-0.18435,-0.15393,-0.388,-0.88121,-1.7779,-2.9123,-3.8953,-5.4754,-6.9475,-7.9217,-8.7511,-8.7341,-8.2509,-7.6913,-6.7995,-5.8448,-5.0783,-4.0342,-2.9624,-2.1064,-1.0039,0.071308,1.0763,1.7573,2.5793,3.2698,3.6891,4.0909,4.3031,4.3197,4.0817,3.5431,2.6062,1.5697,-0.38191,-3.3493,-6.7578,-15.91,-17.03,-7.7868,-4.6083,-1.9889,-0.32333,0.51337,1.2812,1.693,1.9158,1.9123,1.8128,1.5516,1.2205,0.75461,0.23701,-0.085476,-0.29099,-0.098299,0.34748,1.1823,2.1094,2.9926,3.4812,4.0446,4.3124,4.3059,4.107,3.5317,2.6071,1.6133,-0.15717,-2.4761,-4.6097,-7.1347,-7.077,-5.4934,-3.2412,-1.5076,-0.32356,0.24775,0.70338,0.81649,0.6788,0.25368,-0.4655,-1.156,-2.2643,-3.3998,-4.3546,-5.0616,-5.3598,-5.3799,-5.4151,-5.2138,-4.9739,-4.4501,-3.6826,-2.3654,-0.72013,0.4436,1.9332,3.154,3.9318,4.6545,5.107,5.2892,5.2232,4.8898,4.268,3.581,2.3893,0.79855,-0.73742,-3.2916,-6.7922,-11.829,-16.202,-14.721,-10.512,-8.4938,-7.0267,-6.5394,-7.0859,-8.2094,-11.252,-15.998,-14.153,-7.6038,-3.1326,-0.68566,1.77,3.6884,5.0621,5.9128,6.7617,7.3864,7.732,8.0246,8.1799,8.1924,8.0951,7.8478,7.4564,7.0577,6.3987,5.5841,4.8434,3.701,2.2993,0.67465,-0.7117,-2.6832,-4.2867,-4.8883,-4.6072,-3.7736,-3.0465,-2.2162,-1.3943,-0.4727,0.30725,1.4197,2.5296,3.2953,4.2092,4.9574,5.4293,5.9169,6.3021,6.5877,6.7365,6.8955,6.9554,6.967,6.889,6.708,6.4067
-0.49804,-1.2192,-2.1866,-2.9346,-3.1935,-3.0122,-2.4162,-1.8287,-1.0461,-0.38578,0.17283,0.51535,0.84932,1.1118,1.2355,1.3471,1.3947,1.384,1.3373,1.2437,1.1668,1.088,0.99695,0.97006,0.77267,0.586,0.25384,-0.13134,-0.81686,-1.6946,-2.6714,-3.6275,-4.8361,-6.0579,-7.0399,-8.0683,-8.9839,-9.7767,-10.199,-10.683,-10.82,-10.61,-9.892,-8.6786,-7.6513,-6.1371,-4.6692,-3.3015,-2.2938,-1.0849,0.022785,0.75122,1.5567,2.1137,2.3816,2.4828,2.2602,1.7269,1.0903,-0.065602,-1.4977,-2.6172,-3.8277,-4.2567,-3.8505,-3.2651,-2.4494,-1.7162,-1.2387,-0.67372,-0.16933,0.19648,0.64577,0.95662,1.2439,1.3968,1.505,1.5922,1.6364,1.692,1.8127,1.9257,2.1005,2.312,2.5068,2.6242,2.7293,2.7904,2.721,2.558,2.2401,1.7391,1.2702,0.53264,-0.30933,-0.86259,-1.4193,-1.6656,-1.5838,-1.2972,-0.88522,-0.45583,-0.20373,0.055898,0.18426,0.16464,0.026644,-0.28368,-0.6118,-1.1709,-1.778,-2.5535,-3.1256,-3.9982,-5.2503,-6.185,-8.2311,-11.318,-14.954,-14.64,-9.5909,-5.4922,-3.2058,-0.86283,0.86726,1.7963,2.7342,3.3028,3.5046,3.4828,3.1785,2.5737,1.9559,0.88018,-0.42456,-1.5221,-3.1405,-4.7757,-6.1677,-6.9101,-7.299,-7.1776,-6.9644,-6.6747,-6.6647,-7.0925,-7.7134,-8.7972,-9.3955,-8.6718,-6.5136,-4.0701,-2.4559,-0.69957,0.54634,1.4849,2.0025,2.4729,2.7934,2.9701,3.1518,3.2785,3.3204,3.2809,3.0949,2.7146,2.2915,1.5535,0.58195,-0.2967,-1.6822,-3.3842,-5.6114,-7.7791,-12.129,-20.829,-28.069,-16.25,-12.419,-11.26,-10.982,-11.406,-10.44,-8.3282,-5.0742,-2.3537,-0.7433,0.8848,2.0191,2.6155,3.1345,3.3814,3.462,3.4523,3.3873,3.3799,3.387,3.4752,3.596,3.6677
0.56641,0.31301,-0.040192,-0.38398,-0.60143,-0.84827,-1.016,-1.106,-1.2362,-1.3213,-1.3787,-1.404,-1.328,-1.1708,-0.97424,-0.62871,-0.22232,0.097731,0.52053,0.92241,1.2489,1.4166,1.6301,1.6558,1.5949,1.4379,0.99185,0.58061,-0.20082,-1.1528,-2.3587,-3.4527,-4.9852,-6.7265,-8.073,-9.7984,-11.557,-13.225,-14.597,-16.903,-20.104,-22.449,-20.784,-16.574,-14.132,-11.608,-9.6897,-7.9787,-6.6624,-4.8749,-3.0884,-1.8352,-0.33982,0.84319,1.5104,2.1427,2.4465,2.4431,2.2745,1.8394,1.2309,0.7071,-0.02914,-0.73608,-1.4124,-1.8972,-2.5301,-3.1018,-3.3607,-3.3502,-2.7714,-2.1764,-1.0945,-0.11517,0.71969,1.2649,1.7874,2.1342,2.2864,2.3685,2.3172,2.1977,1.9778,1.6958,1.3905,1.257,1.0598,1.0135,1.0995,1.1579,1.2496,1.2596,1.1942,1.0043,0.70872,0.4405,0.06232,-0.31212,-0.56301,-0.80912,-0.93662,-0.91177,-0.77897,-0.55075,-0.29418,-0.1091,0.025958,0.045262,-0.041989,-0.28204,-0.68466,-1.2694,-1.6999,-2.5713,-3.6161,-4.6058,-6.2132,-8.1809,-9.5776,-9.2664,-7.0403,-4.3451,-2.563,-0.67072,0.80231,1.5987,2.3799,2.8101,2.9415,2.8555,2.5026,1.8872,1.2606,0.22488,-1.0066,-1.9982,-3.3534,-4.5643,-5.4247,-5.7704,-5.8535,-5.5824,-5.2746,-4.8125,-4.4596,-4.1707,-4.0339,-3.7847,-3.4803,-3.1462,-2.5634,-1.9353,-1.5144,-1.1105,-0.93968,-0.96717,-1.2385,-1.6682,-2.1512,-2.4059,-2.3927,-2.0876,-1.7346,-1.3598,-1.2116,-1.4016,-1.781,-2.6446,-3.8448,-4.8353,-6.1824,-7.2844,-8.1445,-8.826,-9.6123,-10.259,-10.47,-10.301,-10.143,-10.488,-11.906,-14.617,-14.657,-10.939,-6.448,-3.3037,-1.6508,-0.087553,0.83507,1.1679,1.2261,0.8685,0.17777,-0.46017,-1.3298,-1.8145,-1.7723,-1.1586,-0.23196,0.7036
1.2972,1.2866,1.1269,0.80258,0.46178,-0.11879,-0.81457,-1.4257,-2.305,-3.2092,-4.1251,-4.724,-5.2182,-5.2567,-4.8768,-3.9983,-2.8667,-1.9646,-0.82877,0.19123,1.0312,1.5865,2.1128,2.4152,2.625,2.5557,2.2856,1.9175,1.1817,0.14103,-1.3489,-2.6504,-4.8658,-7.7104,-10.074,-13.543,-16.154,-16.625,-16.805,-17.45,-18.947,-19.856,-18.87,-16.591,-15.215,-14.448,-14.615,-14.814,-13.504,-9.6226,-5.8459,-3.4626,-0.95765,0.98658,2.0797,3.1652,3.8795,4.2371,4.3059,4.1691,3.7787,3.3243,2.5205,1.4643,0.096946,-1.2046,-3.4438,-6.5463,-9.6293,-12.541,-9.1758,-6.1644,-3.0486,-0.77654,0.78023,1.6586,2.505,2.9779,3.1359,3.0905,2.7291,2.276,1.4258,0.2935,-0.97559,-1.8974,-2.5806,-2.5042,-1.9108,-0.88577,0.063916,0.80934,1.1676,1.3875,1.3647,1.1347,0.58343,-0.20506,-0.97665,-2.0886,-3.062,-3.4649,-3.1862,-2.2937,-1.2426,-0.52923,0.17538,0.6007,0.7421,0.73437,0.49063,0.18982,-0.13985,-0.60205,-0.96001,-1.2831,-1.6138,-1.7042,-1.5537,-1.2695,-0.56142,0.33074,1.0141,1.8741,2.5502,3.001,3.3259,3.4716,3.4324,3.2299,2.772,2.0879,1.3731,0.14969,-1.4211,-2.9212,-5.2433,-7.7866,-9.6164,-9.4408,-7.7397,-5.7539,-4.4622,-3.1427,-2.1357,-1.3926,-0.95886,-0.52774,-0.19146,-0.042192,0.088035,0.073428,-0.073098,-0.49373,-1.1568,-2.3581,-3.6224,-6.0069,-9.4519,-12.381,-12.563,-8.9308,-6.7078,-4.7527,-3.7732,-3.5775,-3.9411,-5.1508,-7.3132,-9.7916,-14.22,-15.447,-11.498,-9.0825,-6.8832,-5.4339,-4.6691,-3.9217,-3.3785,-3.0923,-2.8265,-2.4611,-1.801,-1.0997,-0.0052294,1.0633,1.6804,2.1807,2.2761,2.0425,1.2747,-0.045634,-2.0973,-4.3447,-8.7041,-15.742,-14.432,-8.1358,-4.2106,-1.6092
1.5084,1.7017,1.6125,1.1734,0.62015,-0.37757,-1.6919,-2.8897,-4.6883,-6.8216,-9.341,-11.484,-14.93,-16.543,-14.513,-10.553,-7.2444,-5.2148,-3.0141,-1.2469,0.22789,1.1355,2.0771,2.8735,3.2224,3.4888,3.5731,3.3971,2.9111,2.0226,0.73039,-0.49149,-2.7526,-5.8181,-8.7747,-14.276,-18.639,-15.327,-13.017,-11.304,-10.376,-10.023,-9.6518,-9.4737,-9.6439,-10.474,-12.202,-14.24,-13.128,-8.5514,-4.3914,-1.9309,0.63816,2.6195,3.7831,4.9482,5.7504,6.2381,6.3958,6.3598,6.0511,5.6411,4.8564,3.7637,2.3378,1.0199,-1.1103,-3.6531,-5.5829,-6.9684,-5.6092,-3.8153,-1.5283,0.44812,1.9613,2.7992,3.6232,4.0891,4.1919,3.983,3.3761,2.6227,1.107,-1.1594,-4.5658,-8.6828,-21.619,-12.527,-7.2115,-3.2701,-0.95523,0.58018,1.3515,1.9597,2.1105,1.9414,1.2696,-0.017254,-1.5081,-4.6617,-10.547,-22.267,-11.712,-5.3271,-2.0825,-0.58584,0.66202,1.2616,1.3981,1.2297,0.81353,0.28891,-0.18573,-0.47513,-0.50275,-0.24705,0.26455,0.91199,1.5529,2.0644,2.6671,3.1668,3.4994,3.8111,3.9628,3.9817,3.9151,3.7577,3.5085,3.2858,2.8967,2.3385,1.792,0.76453,-0.72146,-2.1977,-4.984,-9.0748,-13.569,-12.107,-7.5404,-4.356,-2.6748,-1.0833,0.077065,0.86024,1.2979,1.6541,1.8496,1.8978,1.7936,1.5113,1.1728,0.51573,-0.44156,-1.8278,-3.0527,-5.1795,-7.8028,-9.4787,-9.5419,-7.5045,-5.8807,-4.1513,-3.0929,-2.6776,-2.7778,-3.4199,-4.7063,-6.045,-7.8176,-7.8123,-5.6907,-3.7945,-1.6349,0.10467,1.1474,2.2398,3.0855,3.6132,4.1976,4.6902,5.1365,5.4169,5.717,5.8609,5.8633,5.6141,5.0594,4.4201,3.217,1.5884,-0.45291,-2.2265,-4.7133,-6.5386,-6.7073,-5.4114,-3.4699,-1.6043
1.7097,1.9222,1.7401,1.0647,0.24617,-1.268,-3.2934,-5.1197,-7.9193,-11.145,-14.336,-16.411,-18.895,-19.514,-17.332,-13.402,-9.9617,-7.7888,-5.3413,-3.2683,-1.504,-0.37854,1.0379,2.168,2.8074,3.6061,4.0614,4.2415,4.2257,3.8958,3.3173,2.6564,1.5016,0.16758,-0.85988,-2.1753,-3.0833,-3.3936,-3.3602,-3.1716,-2.9443,-2.7949,-2.7046,-2.7025,-2.7371,-2.7686,-2.7257,-2.3651,-1.7852,-0.59045,0.84813,1.9758,3.4242,4.6902,5.5213,6.4099,7.0562,7.48,7.6433,7.6421,7.4009,7.0663,6.3971,5.4916,4.3672,3.409,2.0572,0.76416,-0.028367,-0.64828,-0.67942,-0.19846,0.68301,1.813,2.9761,3.6931,4.4365,4.8893,4.9965,4.8238,4.2878,3.6213,2.3687,0.76765,-1.1288,-2.5674,-3.7729,-3.7478,-3.0411,-1.6107,-0.18395,1.017,1.8124,2.6031,3.0333,3.1422,2.9538,2.3238,1.5702,0.29902,-0.96695,-1.5349,-1.1791,-0.029545,1.1822,1.8374,2.3276,2.3242,1.9828,1.0428,-0.4214,-2.651,-4.5852,-6.4906,-5.7172,-3.6705,-1.1727,0.72584,2.1682,2.9675,3.6888,4.0921,4.1814,4.0372,3.6562,3.1369,2.4279,1.7031,1.1815,1.0697,1.1871,1.3869,1.4878,1.4467,1.1014,0.67882,-0.019166,-0.68576,-1.0615,-1.0098,-0.55233,0.10944,0.62796,1.2575,1.7049,2.0157,2.1472,2.2444,2.2113,2.1455,1.9322,1.58,1.2167,0.60703,-0.25017,-1.1127,-1.7798,-2.6339,-3.2414,-3.4638,-3.4303,-2.9505,-2.4392,-1.7272,-1.0496,-0.52695,-0.22735,0.032039,0.21387,0.37684,0.75583,1.382,2.3068,3.1565,4.3465,5.4782,6.2782,7.2156,7.9832,8.4593,8.9764,9.3461,9.567,9.648,9.603,9.3636,9.0469,8.4318,7.5482,6.6958,5.3299,3.6548,1.695,0.12112,-1.991,-3.945,-4.8908,-5.0841,-4.1024,-2.4385
3.0067,2.9238,2.427,1.4543,0.38732,-1.5207,-4.0867,-6.4793,-10.668,-16.959,-29.177,-28.015,-20.133,-16.509,-14.767,-12.751,-10.889,-9.6188,-7.888,-6.2084,-4.4939,-3.1044,-1.4001,0.13713,1.3907,2.6513,3.6613,4.2935,4.8764,5.2397,5.3348,5.2164,4.964,4.576,4.207,3.7371,3.3312,2.9884,2.7768,2.5763,2.3964,2.2846,2.1286,1.9733,1.8882,1.8293,1.874,2.0839,2.3386,2.8359,3.4948,4.0529,4.8346,5.5964,6.1283,6.7674,7.2836,7.6336,7.7958,7.8507,7.7014,7.4454,6.8988,6.1131,5.0657,4.0923,2.5299,0.69104,-0.82753,-2.6788,-3.4736,-2.8042,-0.90871,1.0454,2.7409,3.7875,4.7811,5.3687,5.5735,5.5459,5.1652,4.6719,3.7912,2.6916,1.4383,0.43332,-0.70426,-1.4668,-1.8493,-1.6581,-0.76818,0.4762,1.4599,2.7032,3.7345,4.3014,4.8087,5.0602,5.11,5.0574,4.9597,4.9152,4.9167,4.9816,5.0069,4.9381,4.6479,4.06,3.3698,2.0676,0.16763,-2.5911,-5.1159,-8.2091,-6.7029,-3.9952,-0.87595,1.3233,2.8452,3.5868,4.224,4.4186,4.2408,3.599,2.4053,1.1041,-1.4223,-5.0317,-8.1031,-7.1203,-3.7106,-1.0437,0.30905,1.5342,2.291,2.59,2.8049,2.8534,2.8298,2.776,2.6871,2.5624,2.4105,2.1411,1.7409,1.3114,0.98915,0.69374,0.52811,0.43527,0.33805,0.10487,-0.22391,-0.89203,-1.7853,-2.7417,-3.5022,-4.206,-4.2968,-4.0334,-3.402,-2.6024,-1.9931,-1.2367,-0.54457,0.14836,0.69404,1.4542,2.3127,3.0152,4.0285,5.0915,6.1837,7.0123,8.0821,9.0698,9.7392,10.535,11.198,11.593,11.987,12.224,12.29,12.228,11.988,11.567,11.102,10.301,9.2695,8.326,6.8106,4.987,2.7761,0.77567,-2.5768,-7.4845,-13.893,-21.563,-9.1709,-4.502
4.7149,4.3265,3.5323,2.3969,1.3138,-0.46771,-2.6291,-4.5066,-7.3563,-10.339,-12.723,-13.627,-13.929,-13.674,-13.583,-13.532,-13.666,-13.806,-13.64,-12.585,-10.444,-8.5905,-5.8743,-3.0966,-1.4631,0.60048,2.4133,3.4862,4.6815,5.5602,6.1373,6.4449,6.6687,6.702,6.6302,6.474,6.2481,5.9569,5.7182,5.3739,4.9979,4.6824,4.2522,3.8026,3.4574,3.0064,2.6468,2.4088,2.3458,2.4265,2.7286,3.0643,3.6216,4.2383,4.6892,5.2845,5.8191,6.2506,6.4936,6.7066,6.7588,6.6698,6.3737,5.8197,4.9594,4.0742,2.4616,0.13394,-2.3349,-7.5052,-13.825,-8.5786,-2.7829,0.5859,2.7906,3.9914,5.062,5.6744,5.8817,5.8452,5.4874,5.0279,4.1727,2.9985,1.5042,0.20027,-2.1442,-5.4224,-8.3984,-10.949,-6.9942,-2.7067,-0.36384,2.0368,3.837,4.8563,5.8925,6.6371,7.0365,7.3805,7.5648,7.6282,7.6055,7.4591,7.1737,6.8774,6.3281,5.6026,4.9422,3.9565,2.8222,1.7703,1.2221,0.78085,0.93869,1.3826,2.318,3.27,4.0836,4.5744,4.9329,4.9326,4.6912,3.984,2.736,1.4959,-0.77008,-3.5793,-5.5781,-5.0687,-2.7424,-0.51741,0.77443,2.076,2.9844,3.4608,3.8536,4.0273,4.0161,3.8829,3.5265,2.9431,2.3135,1.1291,-0.40696,-2.3409,-3.8004,-5.1238,-4.7917,-3.9494,-2.8654,-2.3026,-2.3171,-3.0348,-4.454,-7.0154,-9.9566,-14.036,-12.515,-9.4288,-6.3772,-4.5558,-3.6892,-2.9859,-2.6023,-2.2015,-1.7124,-0.5692,1.0328,2.3595,4.1313,5.8282,7.3576,8.3793,9.6038,10.673,11.352,12.111,12.711,13.051,13.352,13.486,13.454,13.306,12.957,12.43,11.914,11.049,9.9854,9.0613,7.6318,5.9953,4.1557,2.6648,0.52328,-1.5437,-2.7259,-3.3984,-2.9366,-1.852
5.7406,5.1846,4.257,3.1382,2.1886,0.72499,-0.92148,-2.2317,-4.0908,-5.9957,-7.7953,-8.9675,-10.493,-12.083,-13.364,-15.324,-18.184,-20.921,-28.208,-32.897,-21.093,-16.442,-11.048,-6.9634,-4.6563,-1.5975,0.78301,2.2336,3.867,5.0688,5.9457,6.4559,6.8794,7.0677,7.1015,7.0214,6.8055,6.497,6.2016,5.7345,5.1902,4.6944,3.9469,3.0586,2.2908,1.1414,-0.071705,-1.2237,-1.8359,-2.1738,-1.8733,-1.391,-0.56327,0.29467,0.87649,1.6296,2.3388,3.0047,3.4515,3.999,4.4365,4.6824,4.8659,4.8494,4.6166,4.3003,3.6849,2.8631,2.2017,1.4938,1.267,1.6178,2.5293,3.5638,4.5107,5.0916,5.6109,5.8393,5.8355,5.5943,5.1138,4.6061,3.7505,2.6931,1.3767,0.26301,-1.5021,-3.7565,-5.471,-6.1676,-4.2668,-1.5268,0.35597,2.4887,4.1927,5.2177,6.3249,7.1623,7.6407,8.0831,8.3351,8.4076,8.3597,8.1315,7.7286,7.3188,6.6281,5.7736,5.0446,4.0125,2.9481,2.0689,1.6644,1.3928,1.6707,2.0955,2.9057,3.7401,4.4913,4.9807,5.3664,5.4527,5.3405,4.9392,4.2362,3.6224,2.6629,1.7967,1.2154,1.0332,1.1645,1.5913,1.9689,2.5306,3.0291,3.3556,3.6524,3.8045,3.7872,3.6494,3.2468,2.5489,1.7743,0.29403,-1.8685,-5.2212,-9.1589,-16.19,-10.959,-7.0974,-4.1618,-2.7164,-2.2969,-2.5586,-3.5209,-5.2571,-7.065,-8.9154,-8.4431,-7.0419,-5.402,-4.4668,-4.3051,-4.9051,-6.6462,-9.9896,-12.711,-9.0436,-3.5837,-0.5395,2.6094,5.0764,7.0492,8.2641,9.6444,10.766,11.454,12.186,12.721,13.003,13.214,13.257,13.142,12.937,12.524,11.935,11.395,10.511,9.4478,8.5507,7.2398,5.8109,4.3176,3.2161,1.8399,0.68949,0.060006,-0.4973,-0.7164,-0.65106
5.9032,5.2383,4.2844,3.2686,2.4364,1.2235,-0.10039,-1.175,-2.7779,-4.4692,-6.2598,-7.6391,-9.5735,-11.588,-13.101,-15.428,-18.136,-20.521,-24.026,-26.555,-23.856,-19.183,-13.748,-8.8823,-5.5977,-2.4036,0.19493,1.8275,3.4966,4.7734,5.7013,6.1593,6.4962,6.5993,6.562,6.3322,5.9701,5.5343,5.1823,4.65,4.0353,3.4919,2.5813,1.3871,0.19971,-1.8311,-4.6954,-8.8069,-13.004,-14.949,-10.735,-8.3446,-6.3868,-5.1144,-4.4597,-3.7668,-2.9695,-1.9782,-1.161,-0.036063,1.0422,1.7776,2.6236,3.3249,3.8624,4.1614,4.4534,4.6493,4.7519,4.9042,5.1215,5.2846,5.6031,5.9179,6.1364,6.1855,6.1417,5.8932,5.555,4.9391,4.1573,3.5033,2.5696,1.6812,0.92857,0.42889,-0.023719,-0.23774,-0.26147,0.055191,0.75911,1.7974,2.6357,3.7738,4.8546,5.6146,6.4751,7.1796,7.6072,8.0338,8.2786,8.3275,8.2372,7.9438,7.4475,6.9196,6.0259,4.8818,3.8509,2.1841,0.24608,-1.8397,-3.3497,-3.9845,-2.4748,-0.83391,1.2385,3.0236,4.3771,5.109,5.7642,6.0703,6.0882,5.8402,5.3278,4.7821,3.8902,2.9703,2.1149,1.5772,1.09,0.97684,1.1177,1.4374,1.8314,2.1287,2.4607,2.7039,2.8311,2.8565,2.7751,2.5294,2.228,1.6468,0.84945,-0.072427,-0.68866,-1.1325,-0.93418,-0.48156,0.20964,0.75145,0.98601,1.0494,0.81827,0.34946,-0.003435,-0.38734,-0.59381,-0.64966,-0.75058,-1.0176,-1.4175,-2.3224,-3.6879,-5.2192,-5.7299,-4.3309,-1.5092,0.60903,3.1264,5.2247,6.9847,8.1005,9.3435,10.338,10.941,11.548,11.945,12.125,12.212,12.131,11.904,11.654,11.197,10.582,10.024,9.1274,8.0418,7.0881,5.649,4.0562,2.3783,1.1062,-0.38831,-1.4405,-1.9626,-2.3376,-2.3991,-2.3635
4.8665,4.0315,3.086,2.2837,1.7216,0.98027,0.083635,-0.7686,-2.1522,-3.8313,-5.8348,-7.5795,-9.9807,-12.028,-13.241,-14.422,-15.35,-16.198,-17.931,-19.407,-17.596,-14.057,-9.4529,-5.6008,-3.4172,-0.64675,1.6292,2.9499,4.3491,5.3537,5.9665,6.1648,6.1783,5.8942,5.483,4.7588,3.9512,3.1854,2.736,2.3388,2.0712,1.8831,1.4372,0.66654,-0.18639,-1.7993,-4.0362,-6.8358,-8.8431,-10.179,-9.7152,-9.184,-8.9984,-9.7365,-10.665,-11.99,-11.754,-9.5675,-7.5478,-5.1961,-3.1525,-1.8072,-0.18857,1.2641,2.5384,3.3678,4.314,5.1142,5.6185,6.1591,6.5958,6.8254,7.0266,7.1281,7.0683,6.8942,6.4656,5.7912,5.0997,3.9172,2.429,1.1595,-0.58513,-1.9678,-2.3728,-2.0746,-1.3163,-0.29494,0.46948,1.2731,2.0362,2.7794,3.3345,4.0544,4.7609,5.2989,5.9947,6.642,7.0602,7.5176,7.8068,7.9011,7.8154,7.5065,6.9504,6.3755,5.3634,4.0879,2.9358,1.0349,-1.4248,-4.8951,-8.9553,-12.166,-6.0295,-2.2972,1.1153,3.5205,5.2059,6.088,6.895,7.2824,7.2946,6.9684,6.2806,5.4749,4.0944,2.2765,0.057544,-1.6923,-3.4727,-3.6873,-2.9027,-1.6465,-0.63139,-0.13385,0.31604,0.60147,0.88562,1.1591,1.647,2.1996,2.5997,3.0433,3.3664,3.6064,3.7714,3.9797,4.2314,4.4381,4.6816,4.8754,4.9508,4.984,4.8784,4.6997,4.5677,4.3307,4.0454,3.8047,3.479,3.0882,2.7534,2.2677,1.8204,1.5622,1.5587,1.9571,2.7353,3.5282,4.7264,5.9853,7.2042,8.0549,9.0251,9.8006,10.235,10.611,10.772,10.756,10.595,10.304,9.9131,9.5963,9.1291,8.6149,8.14,7.3674,6.3642,5.3983,3.7512,1.5952,-1.1798,-3.7203,-7.4703,-9.439,-8.7059,-6.976,-5.9608,-5.7691
0.83136,-0.92245,-2.1218,-1.7313,-1.0364,-0.36762,-0.26572,-0.59241,-1.5199,-3.1282,-5.5684,-8.1762,-13.183,-22.466,-23.045,-15.491,-12.04,-10.49,-8.9401,-7.55,-5.9643,-4.6165,-2.7016,-0.77077,0.7503,2.4345,3.7927,4.6531,5.5318,6.05,6.2158,6.1306,5.6651,4.7442,3.6982,1.8371,-0.61432,-3.3264,-4.5578,-3.7336,-1.8148,-0.65464,0.33846,0.68687,0.62769,0.13041,-0.71913,-1.7864,-2.6445,-3.7931,-5.0195,-6.0526,-7.7665,-10.395,-13.304,-18.47,-19.646,-15.194,-12.663,-10.295,-8.211,-6.5449,-4.2142,-1.9591,0.087133,1.4416,2.9834,4.236,5.0154,5.8392,6.4333,6.788,7.0394,7.0819,6.9317,6.6977,6.1215,5.2423,4.3427,2.7434,0.5089,-1.8369,-6.5223,-16.526,-15.537,-8.367,-4.093,-1.7149,-0.50269,0.57751,1.224,1.5442,1.7352,1.9618,2.3085,2.6947,3.4693,4.3711,5.0377,5.8044,6.3551,6.6388,6.6566,6.3933,5.8072,5.1795,4.1055,2.8374,1.8315,0.60237,-0.31803,-0.85308,-0.93186,-0.25303,1.09,2.4375,4.1726,5.7407,7.0249,7.7859,8.4442,8.7248,8.6849,8.2859,7.4635,6.523,4.8157,2.3675,-1.1873,-5.1597,-13.138,-10.669,-6.6206,-3.7718,-2.5985,-2.4617,-2.9983,-4.0468,-4.6987,-4.2079,-2.3154,-0.096525,1.3725,2.9711,4.2294,5.1964,5.7617,6.3548,6.7826,7.0221,7.2525,7.3797,7.4099,7.3585,7.2529,7.1176,6.9615,6.7255,6.4577,6.2274,5.8786,5.4613,5.0989,4.5632,3.9787,3.3974,3.0207,2.6695,2.6458,2.9341,3.7151,4.8158,6.0009,6.8468,7.7992,8.4721,8.7665,8.8792,8.6618,8.2846,7.5407,6.6464,5.8008,5.3151,5.0024,4.9975,5.0272,4.9286,4.5053,3.9208,2.7171,0.88787,-1.7197,-4.3169,-8.3968,-10.571,-9.2027,-7.2212,-6.4269,-6.8945
-3.9887,-8.9446,-12.664,-6.5722,-3.7079,-1.5897,-0.61797,-0.41148,-0.73568,-1.6585,-3.1001,-4.4932,-6.5473,-8.1256,-8.4446,-7.6316,-6.2484,-5.1778,-3.8463,-2.617,-1.4553,-0.631,0.50495,1.6377,2.4056,3.2853,4.0385,4.4908,4.8759,5.0302,4.9176,4.6485,3.948,2.8211,1.6488,-0.50341,-3.6067,-7.8598,-10.123,-7.5934,-4.0899,-2.2593,-0.66133,0.22871,0.51893,0.54321,0.22921,-0.35533,-0.96934,-1.9659,-3.1429,-4.1922,-5.8047,-7.5873,-8.9341,-10.753,-12.376,-14.035,-15.686,-18.913,-21.17,-17.204,-11.432,-7.2968,-4.2222,-2.3979,-0.43897,1.0758,1.9767,2.9283,3.6056,3.9839,4.3134,4.416,4.3255,4.1194,3.6891,3.0251,2.3667,1.2299,-0.20138,-1.4564,-3.1776,-4.5349,-4.7913,-4.2253,-3.2063,-2.3265,-1.8675,-1.589,-1.8098,-2.5452,-3.5084,-5.1763,-6.5053,-6.2268,-4.095,-1.5455,0.096181,1.7454,2.863,3.4785,3.6466,3.4603,2.8117,1.972,0.4103,-1.7499,-3.7177,-6.0994,-6.3214,-4.2029,-2.1796,0.15099,2.1037,3.427,4.9961,6.3028,7.3479,7.94,8.4649,8.6848,8.6556,8.3428,7.6895,7.0134,5.7964,4.2779,2.5649,1.308,-0.093666,-0.93537,-1.2726,-1.6507,-2.3382,-3.2479,-5.3665,-9.0993,-15.619,-14.243,-7.29,-3.0267,-0.8063,1.3902,3.0252,4.2462,4.9457,5.6601,6.1397,6.3637,6.5213,6.5208,6.447,6.2559,6.0311,5.7782,5.5795,5.3594,5.1708,5.026,4.7504,4.3664,3.9663,3.2464,2.2405,0.84715,-0.4996,-2.8063,-5.2205,-5.791,-3.6363,-0.64226,1.803,3.1914,4.5294,5.3153,5.5726,5.4707,4.8074,3.9146,2.0548,-0.75836,-4.6621,-7.2574,-5.6849,-2.4341,-0.63371,0.84664,1.5542,1.7036,1.4704,0.86511,-0.015846,-0.74724,-1.6688,-2.3541,-2.7064,-2.9619,-3.2467,-3.7401
-0.25801,-0.9026,-1.3005,-1.0816,-0.69322,-0.15678,0.20952,0.31076,0.1787,-0.20839,-0.77946,-1.2591,-1.8868,-2.3826,-2.5788,-2.6048,-2.3681,-2.0945,-1.64,-1.1254,-0.58253,-0.13513,0.43574,0.94392,1.2394,1.6739,2.0255,2.1811,2.2886,2.2589,2.0647,1.7758,1.2428,0.54086,-0.065744,-0.98961,-1.9168,-2.5958,-2.8358,-2.6749,-2.1283,-1.6088,-0.98739,-0.54103,-0.3722,-0.35939,-0.59869,-1.0843,-1.5789,-2.4205,-3.45,-4.3318,-5.638,-7.076,-8.2279,-9.8031,-11.492,-13.345,-14.827,-16.658,-17.125,-15.858,-13.028,-10.26,-7.8876,-6.3849,-4.7441,-3.4526,-2.6887,-1.8872,-1.3049,-1.0552,-0.79887,-0.64488,-0.60911,-0.67316,-0.80521,-1.0381,-1.2756,-1.7098,-2.229,-2.6259,-3.1235,-3.492,-3.715,-3.7916,-3.7361,-3.7096,-3.8251,-4.2058,-4.9768,-6.2774,-7.8087,-10.971,-15.332,-15.437,-10.383,-6.4045,-4.3081,-2.3228,-1.0119,-0.2447,0.0076062,-0.039709,-0.55599,-1.2769,-2.7884,-5.0806,-7.498,-11.368,-11.212,-6.8367,-4.0848,-1.1936,1.0437,2.4002,3.905,5.085,5.9865,6.4791,6.9379,7.1524,7.1541,6.956,6.5391,6.1135,5.3768,4.5166,3.5845,2.8722,1.9534,1.0765,0.43651,-0.44379,-1.4012,-2.1995,-3.3,-4.3011,-4.8493,-4.7558,-3.976,-2.7669,-1.7773,-0.45426,0.69635,1.6678,2.2592,2.8517,3.2178,3.3303,3.2521,2.9366,2.5587,1.9378,1.2309,0.59151,0.31826,0.22928,0.38866,0.57662,0.78423,0.81994,0.67991,0.19368,-0.68105,-2.0599,-3.534,-6.2341,-9.6866,-10.805,-7.8288,-4.2139,-1.5824,-0.18515,1.1202,1.8714,2.0946,1.9415,1.2747,0.40989,-1.2919,-3.6843,-6.4845,-7.9962,-7.3356,-5.1392,-3.7077,-2.279,-1.3622,-0.95241,-0.68369,-0.63394,-0.7391,-0.86482,-1.0657,-1.2672,-1.426,-1.5886,-1.7332,-1.8961
1.072,1.105,1.1615,1.2749,1.3701,1.4829,1.5249,1.4806,1.3294,1.0691,0.71262,0.41527,0.0014834,-0.3929,-0.65214,-0.92767,-1.1229,-1.2218,-1.295,-1.3143,-1.282,-1.2358,-1.1703,-1.0997,-0.9883,-0.88254,-0.83803,-0.82917,-0.85891,-0.99102,-1.2203,-1.4601,-1.7975,-2.1469,-2.3952,-2.6625,-2.801,-2.7757,-2.6474,-2.3564,-1.9831,-1.7037,-1.3717,-1.1607,-1.0919,-1.173,-1.4578,-1.9446,-2.4354,-3.2507,-4.2479,-5.071,-6.2964,-7.5918,-8.6271,-9.9992,-11.295,-12.424,-13.068,-13.644,-13.697,-13.389,-12.561,-11.456,-10.275,-9.4225,-8.3991,-7.5824,-7.1227,-6.7318,-6.5469,-6.5495,-6.669,-6.7337,-6.6644,-6.4715,-6.1868,-5.875,-5.7014,-5.5382,-5.4937,-5.5175,-5.6051,-5.6708,-5.7069,-5.7332,-5.7087,-5.6791,-5.7056,-5.884,-6.2107,-6.7159,-7.1538,-7.6916,-7.8928,-7.7011,-6.9753,-5.9143,-5.0747,-4.0207,-3.1899,-2.6008,-2.3363,-2.2035,-2.3224,-2.5314,-2.9859,-3.5197,-3.8549,-3.9954,-3.5882,-2.6313,-1.6557,-0.24808,1.1358,2.0461,3.1318,4.0293,4.7176,5.1103,5.449,5.5942,5.5776,5.407,5.1057,4.7736,4.2693,3.6977,3.0729,2.5755,1.8841,1.1632,0.60438,-0.18464,-1.0217,-1.6758,-2.5527,-3.3723,-4.0023,-4.301,-4.4096,-4.136,-3.697,-2.8881,-1.9625,-1.0719,-0.4917,0.07065,0.35883,0.36707,0.044397,-0.69533,-1.5808,-3.2581,-5.6314,-8.3845,-9.7045,-8.771,-6.429,-4.896,-3.3788,-2.4543,-2.0769,-1.9295,-2.1171,-2.5504,-2.9752,-3.5547,-3.8888,-3.8576,-3.3876,-2.5778,-1.6575,-1.0248,-0.35603,0.059876,0.18178,0.081707,-0.29163,-0.74559,-1.5211,-2.4204,-3.2366,-3.6823,-3.9793,-3.987,-3.8748,-3.6445,-3.3884,-3.2061,-2.9656,-2.7499,-2.5382,-2.398,-2.2128,-2.0358,-1.8931,-1.7665,-1.6787,-1.6156
1.4979,1.8487,2.2285,2.4979,2.6378,2.7352,2.7199,2.6341,2.4269,2.1135,1.7061,1.3427,0.81231,0.25814,-0.17346,-0.74277,-1.3113,-1.7124,-2.2167,-2.6833,-3.1065,-3.4203,-3.7597,-3.9747,-4.0437,-4.1716,-4.2441,-4.2505,-4.327,-4.5003,-4.7945,-5.0553,-5.498,-5.9296,-6.1676,-6.1576,-5.7382,-5.0376,-4.3935,-3.5376,-2.7668,-2.2871,-1.8023,-1.5203,-1.4478,-1.5457,-1.8601,-2.3804,-2.9217,-3.8168,-4.8884,-5.8197,-7.1897,-8.6681,-9.8021,-11.368,-12.841,-14.101,-14.855,-15.415,-15.483,-15.239,-14.643,-13.807,-12.903,-12.268,-11.516,-10.952,-10.727,-10.798,-11.365,-11.99,-13.313,-14.789,-15.153,-14.247,-12.505,-10.944,-10.08,-9.3275,-8.9755,-8.9257,-8.9894,-9.0882,-9.0058,-8.7807,-8.4413,-8.0188,-7.6744,-7.2983,-7.0565,-6.9586,-6.9437,-6.9082,-6.8295,-6.6743,-6.3824,-5.9693,-5.6055,-5.0797,-4.5688,-4.1251,-3.8456,-3.5853,-3.4162,-3.3444,-3.2371,-3.0858,-2.8945,-2.5091,-1.928,-1.1565,-0.47744,0.44801,1.3762,2.0307,2.8097,3.4599,3.9439,4.1936,4.357,4.3432,4.2292,3.9547,3.5716,3.228,2.7594,2.2904,1.8464,1.5335,1.1086,0.64684,0.24048,-0.3926,-1.1845,-1.8858,-3.0136,-4.3536,-5.9181,-7.1764,-8.6273,-9.0873,-8.4576,-6.8646,-5.0712,-3.5299,-2.6044,-1.7096,-1.2209,-1.1225,-1.3531,-2.0691,-2.9746,-4.8225,-7.5706,-11.372,-13.644,-11.83,-8.3717,-6.4377,-4.6852,-3.6071,-3.1314,-2.8025,-2.7292,-2.7929,-2.8663,-2.9251,-2.8697,-2.7377,-2.433,-2.0309,-1.5888,-1.2569,-0.91171,-0.70536,-0.64752,-0.70298,-0.9317,-1.2036,-1.6736,-2.2389,-2.891,-3.3767,-4.0441,-4.712,-5.161,-5.7213,-6.1356,-6.2673,-6.1635,-5.773,-5.1921,-4.7095,-4.0649,-3.475,-3.0788,-2.6372,-2.288,-2.0113
1.7684,2.3344,2.9477,3.3836,3.6005,3.7366,3.7063,3.5811,3.2664,2.7995,2.2027,1.6735,0.88589,0.015179,-0.67161,-1.6323,-2.615,-3.3602,-4.3552,-5.336,-6.2984,-6.9772,-7.7562,-8.3454,-8.7471,-8.8756,-8.6432,-8.413,-8.1471,-8.0396,-8.2746,-8.7412,-9.9478,-11.838,-13.449,-14.176,-11.941,-8.9167,-6.9814,-4.9402,-3.449,-2.6157,-1.8543,-1.4294,-1.3256,-1.4284,-1.7969,-2.4274,-3.0521,-4.0977,-5.3757,-6.4966,-8.1512,-10.102,-11.735,-14.089,-16.702,-19.337,-20.963,-21.849,-21.24,-20.282,-18.924,-17.568,-16.222,-15.241,-14.105,-13.243,-12.86,-12.801,-13.442,-14.656,-17.434,-22.729,-26.712,-20.78,-15.854,-13.172,-12.025,-11.341,-11.456,-12.003,-13.214,-14.613,-15.133,-14.359,-12.571,-10.836,-9.7758,-8.7054,-8.0228,-7.6198,-7.4856,-7.4761,-7.5932,-7.6896,-7.7137,-7.5719,-7.3301,-6.8922,-6.3532,-5.8424,-5.5219,-5.2116,-5.011,-4.9241,-4.7587,-4.4501,-4.0824,-3.3847,-2.5026,-1.5093,-0.77376,0.22453,1.1406,1.7934,2.5002,3.0337,3.3875,3.5066,3.4896,3.2465,2.9217,2.3139,1.5249,0.92862,0.16453,-0.378,-0.5889,-0.56314,-0.40676,-0.28844,-0.30814,-0.5475,-1.0833,-1.7223,-2.9182,-4.6476,-7.1479,-9.8404,-15.95,-27.145,-16.631,-10.226,-6.7031,-4.3904,-3.1529,-1.945,-1.1734,-0.84778,-0.71521,-0.91399,-1.2565,-1.9341,-2.73,-3.4404,-3.7653,-3.8281,-3.5495,-3.2568,-2.9273,-2.7897,-2.8262,-3.0507,-3.4089,-3.8036,-4.0377,-4.1472,-4.0126,-3.75,-3.261,-2.7071,-2.1976,-1.877,-1.5469,-1.3497,-1.2916,-1.3286,-1.5037,-1.7174,-2.1247,-2.6534,-3.3563,-4.0156,-5.1042,-6.4738,-7.7144,-9.6704,-11.729,-12.805,-12.667,-10.998,-9.0797,-7.7947,-6.3962,-5.2997,-4.661,-3.9265,-3.3354,-2.8695
1.8296,2.6375,3.4944,4.1125,4.407,4.5771,4.5019,4.286,3.7934,3.0816,2.1684,1.3765,0.18503,-1.1369,-2.1855,-3.6475,-5.1303,-6.2656,-7.8238,-9.4052,-11.019,-12.194,-13.946,-16.001,-17.536,-17.364,-15.374,-13.682,-11.676,-10.394,-9.8405,-10.004,-10.931,-12.955,-15.156,-16.669,-12.921,-8.8519,-6.5316,-4.2481,-2.6274,-1.778,-1.0258,-0.66621,-0.621,-0.84166,-1.3647,-2.1765,-2.9529,-4.2094,-5.7274,-7.0079,-8.9652,-11.202,-13.11,-16.117,-19.963,-25.523,-32.749,-36.119,-28.355,-26.049,-24.333,-22.929,-20.798,-18.771,-16.135,-14.064,-12.897,-11.817,-11.272,-11.255,-11.487,-11.732,-11.627,-11.24,-10.452,-9.7811,-9.5584,-9.7585,-10.672,-11.94,-14.797,-19.946,-25.727,-20.043,-14.616,-11.581,-10.191,-8.8941,-8.1903,-7.9621,-8.0636,-8.5921,-9.4942,-10.426,-11.673,-12.286,-11.888,-10.527,-9.0372,-7.9045,-7.3991,-7.152,-7.4053,-7.8158,-8.5314,-8.836,-8.4093,-6.9686,-5.1288,-3.3557,-2.1339,-0.71559,0.44809,1.1784,1.9752,2.5446,2.8842,2.9746,2.8493,2.3976,1.8084,0.61851,-1.1129,-2.8053,-5.5324,-7.4909,-6.5303,-4.7839,-2.677,-1.2152,-0.51009,-0.047472,-0.042047,-0.32236,-1.0365,-2.1081,-3.4607,-4.5503,-5.8372,-6.4179,-6.1869,-5.253,-3.9705,-2.699,-1.8428,-0.85983,-0.069873,0.3873,0.79047,0.99364,1.0252,0.94629,0.75266,0.50876,0.29269,0.022967,-0.26211,-0.51978,-0.97482,-1.6273,-2.2814,-3.447,-4.9654,-6.7752,-8.0759,-8.9821,-8.2909,-7.1367,-5.5578,-4.2748,-3.3566,-2.911,-2.5339,-2.364,-2.3469,-2.4334,-2.5692,-2.7053,-2.9597,-3.3439,-3.8824,-4.4934,-5.6103,-7.1981,-8.8829,-11.995,-16.921,-22.399,-20.594,-14.876,-11.5,-9.7941,-8.1721,-6.9747,-6.2609,-5.526,-4.9502,-4.4935
