1.8218,1.8968,1.979,2.0326,2.0578,2.0679,2.051,2.0146,1.9278,1.8062,1.6537,1.5101,1.2819,1.0141,0.78469,0.44422,0.063662,-0.25112,-0.71145,-1.2226,-1.774,-2.2247,-2.8529,-3.528,-4.0682,-4.8405,-5.6491,-6.2874,-7.1856,-8.1441,-9.1602,-9.9595,-11.069,-12.214,-13.112,-14.364,-15.648,-16.947,-17.905,-19.1,-20.084,-20.565,-20.445,-19.353,-18.07,-16.212,-14.421,-12.708,-11.518,-10.081,-8.7718,-7.8687,-6.7521,-5.731,-5.0168,-4.1419,-3.3448,-2.6038,-2.104,-1.5027,-0.96395,-0.60604,-0.18243,0.18161,0.48779,0.69486,0.95943,1.214,1.3811,1.569,1.6828,1.7236,1.7375,1.7148,1.6832,1.6671,1.683,1.7724,1.9146,2.2269,2.6959,3.154,3.9014,4.7792,5.7489,6.5248,7.6089,8.7279,9.5741,10.697,11.801,12.874,13.652,14.649,15.593,16.264,17.107,17.888,18.432,19.101,19.705,20.243,20.604,21.028,21.387,21.614,21.86,22.043,22.139,22.214,22.228,22.183,22.11,21.962,21.757,21.565,21.261,20.9,20.482,20.132,19.616,19.044,18.578,17.907,17.178,16.593,15.762,14.87,13.915,13.159,12.096,10.969,10.081,8.8394,7.5296,6.5043,5.0799,3.5903,2.0374,0.83851,-0.80366,-2.4796,-3.7526,-5.4941,-7.3216,-9.2412,-10.696,-12.539,-14.006,-14.782,-15.341,-15.505,-15.501,-15.401,-15.249,-15.059,-14.887,-14.617,-14.358,-14.156,-13.802,-13.43,-13.145,-12.808,-12.524,-12.284,-12.126,-11.917,-11.711,-11.576,-11.436,-11.293,-11.162,-11.083,-11.029,-11.037,-11.06,-11.122,-11.231,-11.374,-11.607,-11.862,-12.119,-12.34,-12.613,-12.881,-13.059,-13.269,-13.45,-13.54,-13.598,-13.607,-13.596,-13.577,-13.531,-13.458,-13.395,-13.283,-13.126,-12.961
3.5118,3.5305,3.4904,3.3768,3.2437,3.0025,2.6938,2.4199,2.0058,1.5426,1.0441,0.65445,0.13083,-0.37991,-0.74793,-1.2157,-1.6513,-1.9657,-2.3726,-2.7789,-3.2087,-3.5598,-4.0784,-4.6651,-5.1549,-5.889,-6.7096,-7.3884,-8.3582,-9.392,-10.459,-11.245,-12.204,-12.963,-13.344,-13.559,-13.455,-13.109,-12.745,-12.189,-11.606,-11.166,-10.569,-9.9782,-9.5364,-8.9445,-8.3548,-7.7737,-7.3366,-6.7635,-6.1937,-5.765,-5.2023,-4.6427,-4.2221,-3.6661,-3.1138,-2.5766,-2.1835,-1.6855,-1.2242,-0.90589,-0.52873,-0.20875,0.046347,0.19572,0.33176,0.39254,0.39268,0.32834,0.18557,0.015464,-0.30745,-0.74648,-1.3149,-1.8403,-2.7049,-3.8235,-4.9026,-6.8295,-9.731,-13.124,-18.435,-12.236,-6.303,-3.0901,0.30816,3.0908,4.9056,7.0625,8.9828,10.712,11.9,13.354,14.672,15.578,16.681,17.669,18.336,19.13,19.818,20.403,20.774,21.182,21.491,21.66,21.804,21.858,21.841,21.746,21.572,21.324,21.093,20.73,20.308,19.956,19.445,18.887,18.285,17.806,17.127,16.4,15.821,15,14.118,13.413,12.412,11.338,10.19,9.2788,8.0005,6.6543,5.6046,4.1601,2.671,1.5332,-0.0053061,-1.5466,-3.0788,-4.2211,-5.7511,-7.2825,-8.429,-9.9426,-11.394,-12.733,-13.637,-14.659,-15.444,-15.898,-16.368,-16.803,-17.178,-17.838,-18.747,-19.867,-20.548,-20.533,-19.092,-17.51,-15.32,-13.35,-12.066,-10.597,-9.3584,-8.3292,-7.6625,-6.908,-6.2749,-5.8751,-5.4208,-5.0579,-4.7771,-4.6143,-4.4531,-4.3469,-4.3063,-4.3029,-4.3438,-4.4026,-4.5152,-4.6645,-4.844,-5.0019,-5.2349,-5.5005,-5.7228,-6.0562,-6.4387,-6.7615,-7.2633,-7.8541,-8.5588,-9.1771,-10.163,-11.388,-12.509,-14.384,-16.881,-20.271
5.3609,5.3982,5.2999,5.0259,4.6976,4.09,3.2664,2.491,1.2148,-0.40665,-2.4492,-4.3549,-7.502,-11.244,-13.137,-11.774,-9.0172,-7.3445,-5.7117,-4.6183,-3.9397,-3.6497,-3.5002,-3.5831,-3.7775,-4.2155,-4.8484,-5.4494,-6.4247,-7.5997,-9.0187,-10.22,-11.925,-13.349,-13.792,-13.193,-11.729,-10.111,-8.99,-7.6921,-6.6425,-5.9776,-5.2689,-4.7498,-4.4696,-4.2588,-4.2165,-4.3566,-4.5856,-5.0578,-5.7372,-6.3789,-7.3518,-8.3406,-8.8732,-8.9221,-8.0752,-6.669,-5.5188,-4.0714,-2.8234,-2.0387,-1.2039,-0.59141,-0.18757,-0.022235,0.021747,-0.12699,-0.36168,-0.83369,-1.4708,-2.0429,-2.8983,-3.7554,-4.4524,-4.7804,-4.9289,-4.7608,-4.4773,-3.9797,-3.3808,-2.8609,-2.0378,-0.99611,0.31509,1.4618,3.163,4.9764,6.36,8.1931,9.9725,11.673,12.887,14.411,15.818,16.792,17.978,19.033,19.736,20.553,21.23,21.766,22.074,22.357,22.49,22.491,22.356,22.064,21.739,21.164,20.429,19.541,18.785,17.687,16.544,15.714,14.736,13.995,13.518,13.297,13.09,12.876,12.656,12.234,11.634,11.052,10.085,8.8849,7.436,6.1726,4.2345,1.974,0.057134,-2.7707,-5.7563,-7.7614,-9.3625,-9.5436,-9.1682,-8.9276,-8.8821,-9.209,-9.7083,-10.736,-12.2,-14.162,-15.884,-17.909,-18.219,-17.112,-15.026,-13.101,-11.823,-10.356,-9.1171,-8.075,-7.3802,-6.5396,-5.7333,-5.1565,-4.4123,-3.6838,-3.1505,-2.481,-1.8673,-1.3216,-0.95896,-0.55537,-0.23772,-0.059816,0.10664,0.17539,0.15532,0.080263,-0.090624,-0.33999,-0.57495,-0.94805,-1.3699,-1.6977,-2.1224,-2.5051,-2.7937,-2.9251,-2.984,-2.9226,-2.8098,-2.6032,-2.3757,-2.2167,-2.0473,-1.945,-1.9251,-1.9693,-2.1081,-2.3212,-2.5207,-2.8143,-3.0928,-3.2989
4.6146,4.7221,4.7029,4.5016,4.2353,3.7267,3.0507,2.4386,1.4868,0.39751,-0.77594,-1.6675,-2.7579,-3.5899,-3.973,-4.1481,-4.0784,-3.9725,-3.8589,-3.8368,-3.9673,-4.1583,-4.524,-4.9798,-5.3413,-5.7987,-6.1553,-6.3286,-6.3998,-6.311,-6.1055,-5.9063,-5.5649,-5.1757,-4.8477,-4.366,-3.8565,-3.3512,-2.9894,-2.5507,-2.1724,-1.9355,-1.7017,-1.5789,-1.5657,-1.6603,-1.9002,-2.3105,-2.7197,-3.4138,-4.2967,-5.0773,-6.2422,-7.4229,-8.1514,-8.5338,-8.0573,-6.9299,-5.9377,-4.6631,-3.5537,-2.869,-2.1667,-1.69,-1.443,-1.4111,-1.5779,-1.9972,-2.4902,-3.4144,-4.6895,-5.9232,-8.0417,-10.859,-14.486,-16.857,-15.542,-12.004,-9.909,-7.8722,-6.3934,-5.4777,-4.3918,-3.3252,-2.1816,-1.2279,0.19869,1.7974,3.083,4.8794,6.7097,8.5271,9.8555,11.553,13.135,14.237,15.582,16.776,17.568,18.483,19.231,19.81,20.131,20.401,20.486,20.422,20.159,19.676,19.157,18.233,17.005,15.412,13.921,11.421,8.137,5.0647,1.3673,2.4331,5.3915,7.0694,8.5545,9.3862,9.6826,9.7222,9.4174,8.99,8.1749,7.0997,5.7826,4.6464,2.9544,1.1159,-0.30756,-2.0749,-3.3609,-3.896,-4.171,-4.2427,-4.2765,-4.3126,-4.3905,-4.5177,-4.6396,-4.8424,-5.099,-5.3983,-5.6029,-5.7997,-5.8566,-5.7969,-5.6132,-5.357,-5.1321,-4.7826,-4.3768,-3.9106,-3.5462,-3.0306,-2.4984,-2.1061,-1.6166,-1.1676,-0.86314,-0.5155,-0.23791,-0.028722,0.078885,0.14917,0.13376,0.074895,-0.064064,-0.28409,-0.59481,-0.88399,-1.3666,-1.9693,-2.5283,-3.4592,-4.6705,-5.8131,-7.8252,-10.783,-15.757,-23.705,-21.977,-13.19,-9.7935,-6.7176,-4.5339,-3.2552,-1.8989,-0.84357,-0.029161,0.45624,0.9636,1.3332,1.5282,1.6996,1.7842,1.7935
4.4855,4.4392,4.2515,3.9276,3.6108,3.1132,2.555,2.1226,1.542,0.99387,0.50108,0.17913,-0.19388,-0.50879,-0.71895,-0.98894,-1.2932,-1.5778,-2.0731,-2.7351,-3.6462,-4.5493,-6.1107,-8.3042,-10.595,-15.367,-27.371,-25.519,-15.082,-10.646,-7.8984,-6.3887,-4.8477,-3.6758,-2.9655,-2.1862,-1.5619,-1.057,-0.74402,-0.41159,-0.15512,-0.020489,0.081742,0.094698,0.045389,-0.087574,-0.3082,-0.62373,-0.90595,-1.331,-1.7935,-2.1556,-2.6063,-2.9932,-3.2135,-3.3916,-3.4139,-3.2991,-3.131,-2.8412,-2.4912,-2.2261,-1.9083,-1.6636,-1.5214,-1.4977,-1.5853,-1.8126,-2.0725,-2.5408,-3.1194,-3.6015,-4.2645,-4.9,-5.4206,-5.6972,-5.8982,-5.9569,-6.0139,-6.2047,-6.5206,-6.8686,-7.5548,-8.7192,-10.805,-13.589,-19.966,-14.282,-8.5916,-3.3705,0.50153,3.6353,5.6632,8.0416,10.112,11.487,13.11,14.515,15.438,16.5,17.379,18.078,18.488,18.881,19.1,19.151,19.071,18.823,18.531,18.007,17.347,16.576,15.948,15.087,14.261,13.703,13.077,12.597,12.233,12,11.691,11.334,11.011,10.48,9.8207,9.2409,8.3547,7.353,6.2559,5.3906,4.2056,3.0158,2.1411,1.0715,0.19223,-0.31687,-0.81671,-1.1732,-1.4364,-1.6031,-1.8287,-2.0763,-2.2825,-2.5889,-2.9698,-3.4477,-3.8756,-4.5372,-5.2614,-5.8025,-6.4907,-7.0605,-7.3381,-7.3745,-6.9533,-6.1817,-5.4768,-4.487,-3.5283,-2.873,-2.1213,-1.5257,-1.1856,-0.88924,-0.7766,-0.84102,-1.0093,-1.393,-1.9435,-2.4356,-3.1465,-3.8552,-4.4431,-4.7326,-4.885,-4.8332,-4.7155,-4.5893,-4.5223,-4.533,-4.6173,-4.7269,-4.7618,-4.6677,-4.3161,-3.6982,-3.0952,-2.1838,-1.2285,-0.52506,0.36144,1.1744,1.8879,2.3577,2.8923,3.3148,3.556,3.7716,3.8589,3.8137
4.8137,4.3898,3.6635,2.7387,1.908,0.61775,-0.85237,-1.9935,-3.3459,-4.0959,-3.9904,-3.4562,-2.4921,-1.5417,-0.93335,-0.28576,0.15894,0.35738,0.45326,0.3722,0.1108,-0.19094,-0.69717,-1.2825,-1.7205,-2.2303,-2.5439,-2.5968,-2.4377,-2.089,-1.6532,-1.3201,-0.90351,-0.55625,-0.35162,-0.15105,-0.017245,0.069561,0.1263,0.18613,0.2489,0.29033,0.32833,0.32623,0.27927,0.15474,-0.067993,-0.40791,-0.75175,-1.3493,-2.1087,-2.7774,-3.8011,-4.9331,-5.7829,-6.7474,-7.2668,-7.0904,-6.5474,-5.547,-4.4808,-3.7337,-2.8774,-2.2049,-1.7333,-1.5108,-1.3811,-1.4433,-1.6043,-1.9615,-2.467,-2.9265,-3.608,-4.3524,-5.1036,-5.6255,-6.2155,-6.6036,-6.7769,-6.801,-6.5281,-6.1866,-5.6806,-5.2429,-4.8779,-4.5575,-3.9041,-2.7995,-1.656,0.16685,2.1714,4.2157,5.7245,7.6569,9.4564,10.701,12.211,13.553,14.452,15.51,16.407,17.146,17.595,18.055,18.358,18.484,18.523,18.424,18.265,17.954,17.545,17.057,16.654,16.084,15.496,15.053,14.472,13.908,13.359,12.95,12.397,11.815,11.346,10.654,9.8652,9.1981,8.183,7.0078,5.6491,4.4965,2.7515,0.70597,-1.0607,-3.6383,-5.9672,-6.8554,-6.4178,-5.0217,-3.6029,-2.7311,-1.8955,-1.3999,-1.2225,-1.2019,-1.4109,-1.8622,-2.3935,-3.4034,-4.7889,-6.1129,-8.3907,-11.535,-14.698,-18.044,-14.661,-10.318,-7.8805,-5.4341,-3.6053,-2.5251,-1.4066,-0.59816,-0.16186,0.19066,0.26887,0.066398,-0.28823,-1.0785,-2.3092,-3.597,-5.9979,-9.7132,-16.034,-20.542,-13.442,-8.6679,-6.4133,-4.3775,-3.0074,-2.2852,-1.6264,-1.2133,-0.96575,-0.8536,-0.76255,-0.67561,-0.57831,-0.37229,-0.023355,0.35081,0.98757,1.7512,2.5649,3.1697,3.9304,4.604,5.0298,5.4752,5.7679,5.9004
2.8837,2.381,1.5656,0.54506,-0.39273,-1.9583,-3.961,-5.7906,-8.4933,-10.065,-8.6761,-6.7704,-4.4208,-2.5751,-1.5009,-0.4005,0.40099,0.84153,1.2544,1.4997,1.6083,1.6268,1.5794,1.4757,1.38,1.2314,1.0691,0.94241,0.76327,0.55433,0.28782,0.036178,-0.3917,-0.95631,-1.4784,-2.3122,-3.2845,-4.3191,-5.0116,-5.6003,-5.6013,-5.2451,-4.5063,-3.7126,-3.2044,-2.6903,-2.4283,-2.4294,-2.612,-3.108,-3.9174,-4.7525,-6.2385,-8.2701,-10.255,-13.637,-16.686,-15.222,-12.576,-9.5319,-7.2892,-6.0047,-4.7145,-3.7903,-3.1787,-2.9022,-2.7485,-2.8315,-3.0498,-3.5408,-4.3015,-5.0669,-6.386,-8.1308,-10.505,-12.878,-17.405,-23.675,-22.171,-16.198,-12.192,-10.032,-7.9389,-6.4099,-5.1804,-4.3146,-3.1878,-2.0455,-1.1642,0.069767,1.3806,2.7742,3.8586,5.3176,6.7544,7.7962,9.1254,10.373,11.244,12.298,13.211,13.97,14.43,14.896,15.193,15.309,15.32,15.174,14.966,14.564,14.028,13.375,12.824,12.029,11.205,10.597,9.8412,9.1922,8.6744,8.3695,8.0521,7.7894,7.5915,7.2878,6.8987,6.526,5.8955,5.0906,4.0826,3.189,1.806,0.14387,-1.3208,-3.4233,-5.0805,-5.4628,-4.823,-3.6601,-2.5436,-1.838,-1.1126,-0.62943,-0.43151,-0.3756,-0.52588,-0.84424,-1.1903,-1.8018,-2.5585,-3.1734,-3.9833,-4.6677,-5.0284,-5.2358,-5.1342,-4.7097,-4.2188,-3.4,-2.4934,-1.8062,-0.94082,-0.18487,0.29333,0.79353,1.1222,1.2777,1.2806,1.1339,0.83702,0.53398,0.076351,-0.35315,-0.64905,-0.73556,-0.64443,-0.38299,-0.13033,0.19327,0.43496,0.52863,0.49414,0.24578,-0.24524,-0.80913,-1.8776,-3.4081,-4.9711,-7.7748,-10.966,-11.363,-7.9793,-4.3522,-1.5486,0.10417,1.8602,3.2175,4.0303,4.877,5.489,5.8972
-0.83438,-0.86864,-0.90185,-0.9505,-1.0286,-1.1769,-1.3389,-1.4544,-1.5289,-1.4658,-1.2386,-0.97858,-0.56396,-0.12325,0.18987,0.54503,0.81216,0.9453,1.0405,1.0559,1.0113,0.95687,0.86601,0.7785,0.72609,0.67217,0.62259,0.56714,0.46229,0.28523,-0.0041585,-0.32436,-0.9266,-1.779,-2.6251,-4.1038,-6.1475,-9.0321,-11.997,-16.526,-15.173,-11.874,-8.5528,-6.3251,-5.1565,-4.0971,-3.473,-3.184,-3.1584,-3.3275,-3.6892,-4.0648,-4.6564,-5.2928,-5.737,-6.209,-6.4766,-6.4735,-6.3166,-5.9333,-5.4517,-5.0717,-4.6038,-4.2202,-3.948,-3.8331,-3.7992,-3.9154,-4.108,-4.5027,-5.0729,-5.6215,-6.5019,-7.5498,-8.7175,-9.6102,-10.673,-11.327,-11.415,-10.942,-9.9884,-9.2702,-8.5255,-7.9399,-7.3494,-6.8822,-6.2689,-5.7002,-5.2891,-4.7045,-3.9688,-2.9739,-2.0133,-0.49699,1.1856,2.483,4.1771,5.776,6.8753,8.1798,9.2775,10.158,10.676,11.177,11.466,11.545,11.468,11.179,10.82,10.148,9.2445,8.096,7.0599,5.419,3.4638,1.7982,-0.53537,-2.3572,-2.6263,-1.8552,-0.41993,0.89156,1.681,2.4682,2.9831,3.2198,3.3519,3.3065,3.0985,2.8663,2.5174,2.1484,1.855,1.4441,1.083,0.89699,0.77884,0.76733,0.79513,0.80197,0.77585,0.70445,0.59378,0.33735,-0.054612,-0.5649,-1.0116,-1.7096,-2.5421,-3.2775,-4.3919,-5.6192,-6.5689,-7.7194,-8.4278,-8.3233,-7.6876,-6.3332,-4.7701,-3.6194,-2.2118,-0.97873,-0.18212,0.71373,1.4259,1.9708,2.2819,2.5927,2.7976,2.8966,2.9765,3.0195,3.0367,3.0439,3.0562,3.0611,3.0484,3.0045,2.9037,2.7751,2.515,2.1365,1.617,1.1189,0.31196,-0.65323,-1.4433,-2.443,-3.0819,-3.1066,-2.4297,-1.2263,0.12048,1.092,2.2512,3.2227,3.8331,4.4957,5.0035,5.3715
-6.6707,-5.1391,-3.497,-2.2432,-1.4919,-0.68511,-0.044868,0.34863,0.80386,1.1751,1.4791,1.6653,1.848,1.9374,1.9379,1.835,1.5919,1.3134,0.81466,0.16985,-0.56337,-1.1143,-1.7411,-2.0728,-2.0557,-1.7034,-1.1053,-0.6147,-0.0091271,0.46206,0.77036,0.88095,0.86226,0.66404,0.39853,-0.069231,-0.62232,-1.1788,-1.5412,-1.8647,-1.9552,-1.8703,-1.6223,-1.3299,-1.1404,-0.99293,-1.0011,-1.1733,-1.4085,-1.8469,-2.4128,-2.8892,-3.5543,-4.1842,-4.6033,-5.0203,-5.2608,-5.3011,-5.217,-5.008,-4.7523,-4.5576,-4.3335,-4.1576,-4.0495,-4.012,-4.0124,-4.0727,-4.15,-4.2892,-4.4539,-4.6156,-4.8667,-5.1642,-5.5152,-5.8115,-6.2196,-6.6236,-6.9158,-7.3064,-7.7704,-8.2392,-8.8831,-9.3358,-9.5084,-9.5327,-9.5562,-9.7051,-10.017,-10.959,-13.022,-16.851,-17.711,-11.318,-5.931,-2.8819,0.3603,2.9421,4.5264,6.2335,7.5519,8.5396,9.0879,9.5839,9.825,9.8422,9.6479,9.214,8.7356,7.9001,6.8363,5.5321,4.376,2.5549,0.35258,-1.5797,-4.4216,-6.6412,-6.4944,-5.1466,-3.1319,-1.4675,-0.48116,0.54649,1.3001,1.7301,2.1691,2.5006,2.7376,2.8431,2.9216,2.9876,3.0462,3.0917,3.0659,2.9991,2.8715,2.7318,2.5832,2.455,2.2348,1.9617,1.7252,1.37,0.95048,0.432,-0.017408,-0.70215,-1.5308,-2.2927,-3.5673,-5.2704,-6.9364,-9.8675,-13.587,-14.716,-11.887,-7.9044,-4.8708,-3.0987,-1.2212,0.25536,1.1543,2.1345,2.9104,3.5163,3.8706,4.2368,4.5067,4.6566,4.8057,4.9092,4.9774,5.0163,5.0495,5.0634,5.0608,5.0409,4.9897,4.9287,4.8209,4.6708,4.484,4.323,4.0983,3.8725,3.7229,3.5711,3.5008,3.5176,3.6243,3.8184,4.0673,4.2634,4.5205,4.7471,4.8906,5.0448,5.1657,5.2625
-6.4724,-5.2277,-3.7175,-2.4239,-1.5778,-0.56663,0.31441,0.88255,1.5447,2.0879,2.5072,2.7478,2.9553,3.0159,2.9514,2.7022,2.2328,1.7016,0.69586,-0.75531,-2.8722,-5.1638,-10.091,-23.281,-17.113,-8.2391,-4.114,-2.1011,-0.20296,1.0947,1.9815,2.4451,2.8566,3.0871,3.1646,3.1806,3.1287,3.0465,2.9825,2.9005,2.8221,2.7596,2.6626,2.4942,2.3055,1.9477,1.4468,0.77562,0.12479,-0.95306,-2.3066,-3.5123,-5.3664,-7.4456,-8.9606,-10.267,-10.196,-9.081,-8.112,-6.968,-6.1236,-5.6834,-5.3583,-5.3007,-5.4728,-5.7063,-6.0847,-6.3907,-6.4703,-6.319,-5.8836,-5.4544,-4.8828,-4.414,-4.1046,-4.004,-4.0821,-4.4012,-4.847,-5.7766,-7.2063,-8.6295,-11.046,-14.794,-20.76,-20.408,-14.873,-11.512,-9.872,-8.3718,-7.3721,-6.5442,-5.6803,-3.899,-1.6676,0.060524,2.2596,4.213,5.4633,6.8261,7.8653,8.6118,8.9904,9.2553,9.2506,9.0699,8.6068,7.9153,7.2613,6.239,5.0861,3.8661,2.9518,1.7997,0.78802,0.157,-0.49251,-0.90147,-1.0848,-1.0983,-1.0099,-0.87649,-0.77983,-0.67563,-0.56989,-0.45171,-0.19615,0.20324,0.75239,1.1966,1.7104,2.1284,2.3988,2.7155,2.9339,2.9972,2.9405,2.7382,2.4284,2.1393,1.6893,1.1922,0.83177,0.44366,0.17867,0.00032508,-0.093623,-0.18833,-0.26138,-0.3251,-0.45706,-0.65644,-0.83733,-1.0333,-1.0627,-0.82996,-0.48035,0.16215,0.92772,1.5263,2.2914,2.9739,3.4094,3.8783,4.2279,4.469,4.5848,4.6661,4.6803,4.6619,4.6189,4.5791,4.5627,4.5752,4.6142,4.6874,4.7543,4.8512,4.949,5.0097,5.0852,5.1425,5.1929,5.2268,5.2691,5.3108,5.3466,5.3938,5.4392,5.4667,5.4713,5.4321,5.3297,5.1966,4.9274,4.5444,4.1879,3.6297,3.0495,2.5461
-6.1667,-6.1754,-5.8475,-5.1327,-4.4175,-3.3367,-2.2449,-1.4749,-0.56227,0.19558,0.80471,1.162,1.5391,1.7928,1.905,1.943,1.8365,1.6545,1.2656,0.69693,-0.025917,-0.60402,-1.263,-1.5778,-1.4533,-0.84618,0.025064,0.69437,1.4862,2.0934,2.4929,2.6672,2.7567,2.7417,2.6927,2.6196,2.592,2.6331,2.709,2.8564,3.0106,3.0978,3.1477,3.0704,2.916,2.5588,1.9993,1.1953,0.41483,-0.88096,-2.5308,-4.0334,-6.4989,-9.6132,-12.268,-14.947,-13.929,-11.358,-9.7506,-8.208,-7.2421,-6.8441,-6.7286,-7.1074,-8.0906,-9.3371,-11.996,-16.731,-22.936,-19.3,-12.646,-9.6561,-6.9579,-5.1467,-3.9261,-3.3043,-2.8123,-2.66,-2.7516,-3.1131,-3.6992,-4.2635,-5.2933,-6.4459,-6.8784,-6.6046,-5.844,-4.7534,-3.8148,-2.5806,-1.4077,-0.25297,0.6064,1.7245,2.8259,3.6752,4.8222,5.8734,6.5356,7.2472,7.7866,8.1344,8.2414,8.144,7.7591,7.2799,6.3853,5.1761,4.032,2.1584,-0.11773,-2.6622,-4.434,-5.7876,-5.5557,-4.8254,-3.8438,-3.147,-2.7783,-2.7035,-2.903,-3.4932,-4.2328,-5.6386,-7.5441,-9.0938,-10.19,-8.9356,-6.5214,-4.7249,-2.7084,-1.2726,-0.54478,0.079881,0.45212,0.58753,0.55169,0.20756,-0.46567,-1.1691,-2.3792,-3.9387,-5.2911,-7.0109,-7.7296,-6.8295,-5.5401,-3.7839,-2.2951,-1.3825,-0.38818,0.38973,0.85254,1.3311,1.7092,2.0302,2.2389,2.4858,2.6939,2.8193,2.9447,3.0031,2.9974,2.9153,2.7318,2.4391,2.1458,1.6604,1.0803,0.60835,-0.013059,-0.52544,-0.81166,-0.83045,-0.63748,-0.25266,0.079925,0.50688,0.86037,1.0733,1.2945,1.4539,1.6028,1.7356,1.9572,2.2399,2.4909,2.8373,3.1657,3.3795,3.5764,3.6423,3.5388,3.3197,2.8017,1.972,1.0796,-0.59194,-3.0752,-6.9849
-12.605,-16.085,-19.863,-15.119,-11.54,-8.2037,-5.9726,-4.7675,-3.604,-2.8353,-2.3141,-2.0303,-1.705,-1.3194,-0.96882,-0.42367,0.17019,0.59566,1.0991,1.5173,1.845,2.0405,2.2646,2.4737,2.6229,2.806,2.951,3.0056,2.9672,2.7697,2.371,1.9093,1.0611,-0.043337,-0.98413,-2.1721,-2.8178,-2.5067,-1.7487,-0.49672,0.6838,1.4099,2.1246,2.5573,2.7038,2.6486,2.3178,1.7331,1.142,0.15351,-1.0316,-2.0316,-3.4241,-4.7661,-5.6403,-6.5154,-6.9753,-7.0333,-6.8766,-6.5085,-6.0936,-5.8422,-5.6553,-5.7069,-6.015,-6.3994,-7.0447,-7.6011,-7.7455,-7.3185,-6.2682,-5.2971,-4.012,-2.8765,-1.9513,-1.4067,-0.85615,-0.48695,-0.31401,-0.19206,-0.17911,-0.24721,-0.37424,-0.3355,-0.19755,-0.1288,-0.0022024,0.32359,0.67755,1.1865,1.709,2.2926,2.7875,3.4939,4.2222,4.7869,5.5229,6.1807,6.5996,7.0659,7.394,7.528,7.4787,7.1974,6.6696,6.1027,5.0806,3.7039,2.4078,0.28115,-2.3946,-5.6999,-8.3551,-10.068,-8.3799,-6.6825,-4.9327,-3.8186,-3.2204,-3.082,-3.301,-3.9677,-4.7646,-6.2616,-8.2144,-9.8098,-11.084,-9.844,-7.5782,-6.1994,-4.7113,-3.3908,-2.6071,-1.9163,-1.6,-1.548,-1.6695,-2.0473,-2.7297,-3.4657,-4.7758,-6.6106,-8.4802,-11.425,-12.621,-10.481,-8.1604,-5.3526,-3.1279,-1.8331,-0.50536,0.48392,1.0591,1.6221,1.9637,2.1143,2.1179,2.0159,1.8011,1.5719,1.203,0.78846,0.45862,-0.0015247,-0.52627,-1.1787,-1.786,-2.8449,-4.3008,-5.7507,-8.3775,-12.04,-15.431,-14.354,-10.727,-7.9473,-6.5242,-5.293,-4.6407,-4.4776,-4.6157,-5.0299,-5.5292,-5.7725,-5.6292,-4.8262,-3.9332,-2.6203,-1.3894,-0.59673,0.26863,0.89358,1.2547,1.3617,1.2697,0.89515,0.43064,-0.42704,-1.4896,-2.5596
-8.0353,-8.6966,-8.981,-8.307,-7.4157,-6.1804,-5.2167,-4.7741,-4.625,-5.0361,-6.0508,-7.2239,-9.0916,-9.9359,-8.7993,-6.0862,-3.5294,-1.946,-0.26511,1.0205,2.0079,2.5891,3.1834,3.6259,3.864,4.0632,4.1309,4.0809,3.8529,3.402,2.6797,1.9186,0.51547,-1.5179,-3.6427,-7.7458,-12.723,-9.7933,-6.0404,-2.5477,-0.24052,0.99753,2.1515,2.8747,3.173,3.2835,3.1041,2.6452,2.1213,1.1818,-0.026437,-1.1102,-2.7855,-4.7326,-6.338,-8.4392,-9.9144,-9.9237,-9.0982,-7.6024,-6.168,-5.2671,-4.3094,-3.6051,-3.0921,-2.8119,-2.5265,-2.2982,-2.1003,-1.8045,-1.4542,-1.1706,-0.77335,-0.38499,-0.020565,0.22254,0.51738,0.77493,0.95929,1.1658,1.3289,1.428,1.5957,1.7324,1.7183,1.6593,1.6301,1.5821,1.493,1.3652,1.3007,1.3546,1.5067,1.9466,2.6716,3.3209,4.1904,4.9974,5.5616,6.2178,6.6598,6.845,6.8313,6.6339,6.2169,5.7434,4.9003,3.8726,3.0266,1.8386,0.6346,-0.46209,-1.1014,-1.6268,-1.8217,-1.804,-1.6583,-1.4552,-1.3377,-1.3608,-1.547,-1.8865,-2.2322,-2.8006,-3.409,-3.8186,-4.2546,-4.5637,-4.4759,-4.2329,-4.0185,-3.9391,-3.805,-3.528,-3.342,-3.3508,-3.5263,-3.7666,-4.0602,-4.3456,-4.7465,-5.0458,-5.1786,-5.1877,-4.8433,-4.0754,-3.3308,-2.2732,-1.2018,-0.43244,0.46722,1.1454,1.494,1.753,1.7721,1.5203,1.1497,0.41329,-0.59342,-1.4949,-2.8138,-4.0725,-4.7903,-5.2821,-5.3304,-5.2546,-5.3078,-5.6613,-6.399,-7.2291,-8.6613,-10.215,-11.153,-11.003,-9.9458,-8.655,-7.9115,-7.2969,-7.2125,-7.5286,-8.5802,-10.538,-14.121,-19.1,-28.815,-15.914,-11.622,-8.0389,-5.5577,-4.1495,-2.669,-1.516,-0.64393,-0.14671,0.31973,0.57671,0.65327,0.62812,0.49654,0.32418
-3.5304,-3.3194,-3.0665,-2.7978,-2.5997,-2.4118,-2.3686,-2.4836,-2.9108,-3.7267,-5.046,-6.3319,-8.2452,-9.1785,-8.3446,-6.0449,-3.7479,-2.32,-0.80096,0.35184,1.2288,1.7523,2.3155,2.7634,3.0377,3.3312,3.5295,3.6133,3.6165,3.4733,3.167,2.8315,2.2659,1.5991,1.0883,0.52475,0.2499,0.3739,0.70571,1.3494,2.0609,2.5616,3.1347,3.539,3.7128,3.7679,3.6121,3.2192,2.7562,1.9049,0.76286,-0.31075,-2.1174,-4.4347,-6.6233,-10.257,-13.784,-12.995,-10.57,-7.7454,-5.7023,-4.5645,-3.3969,-2.5384,-1.9045,-1.5418,-1.1687,-0.90893,-0.77278,-0.67434,-0.65873,-0.69059,-0.79283,-0.94787,-1.1219,-1.2279,-1.286,-1.192,-1.022,-0.67119,-0.24005,0.10844,0.54004,0.75844,0.79635,0.78793,0.61333,0.054994,-0.629,-1.8787,-3.5613,-5.7328,-7.2025,-7.0195,-4.363,-2.1912,0.24481,2.143,3.2722,4.3899,5.0957,5.4792,5.5764,5.4472,5.0152,4.5057,3.6218,2.5342,1.6009,0.26545,-0.99989,-1.982,-2.4279,-2.6099,-2.4137,-2.1185,-1.6638,-1.2762,-1.0276,-0.95204,-0.9971,-1.2336,-1.5333,-2.0933,-2.8027,-3.3988,-4.2541,-5.3334,-6.4699,-7.0571,-7.4178,-7.5921,-7.6283,-7.4838,-7.1987,-7.0404,-7.0603,-7.367,-7.8547,-8.2933,-8.8046,-8.8343,-8.3822,-7.3238,-6.07,-4.6639,-3.5711,-2.2107,-1.0502,-0.32318,0.48069,1.0773,1.3458,1.4537,1.263,0.75139,0.11539,-1.1563,-3.0036,-4.9087,-8.5419,-14.877,-27.202,-18.104,-11.758,-8.8874,-7.6901,-6.8262,-6.5273,-6.5443,-6.7318,-6.9857,-7.1969,-7.2797,-7.2703,-7.1603,-7.0841,-7.0511,-7.1871,-7.4367,-7.9616,-8.6878,-9.4932,-9.9974,-10.322,-10.146,-9.7343,-8.9627,-8.0101,-7.1747,-5.9405,-4.6667,-3.4251,-2.5883,-1.6533,-0.95495,-0.59705,-0.34532,-0.345,-0.57946
-1.6794,-1.2915,-0.83882,-0.47097,-0.25665,-0.055027,0.040904,0.037057,-0.071492,-0.27973,-0.56544,-0.79068,-1.0349,-1.1455,-1.1162,-0.95322,-0.72398,-0.56895,-0.43119,-0.39959,-0.46244,-0.51998,-0.51038,-0.32943,-0.050027,0.48599,1.094,1.5338,2.046,2.421,2.6355,2.6909,2.6551,2.5309,2.4013,2.2281,2.1057,2.0718,2.1192,2.267,2.5173,2.7369,3.0499,3.3372,3.5058,3.6492,3.653,3.4971,3.2692,2.8098,2.1666,1.5715,0.64138,-0.37661,-1.1551,-2.0908,-2.8005,-3.1901,-3.2749,-3.1778,-2.9706,-2.7896,-2.5334,-2.2835,-2.0482,-1.8805,-1.6864,-1.5467,-1.5179,-1.6013,-1.867,-2.2165,-2.9317,-3.966,-5.3526,-6.5741,-8.1581,-8.8061,-8.1823,-6.4394,-4.5476,-3.3184,-2.083,-1.2535,-0.61277,-0.33975,-0.39422,-0.81144,-1.3142,-2.3652,-3.9125,-5.7595,-6.9403,-6.8385,-4.5707,-2.6591,-0.46383,1.3834,2.489,3.5269,4.1839,4.571,4.6576,4.4585,3.9152,3.2999,2.1711,0.54917,-1.0598,-3.8691,-7.8692,-13.993,-16.471,-11.015,-7.0454,-5.086,-3.3097,-2.1928,-1.5409,-1.269,-1.1736,-1.3965,-1.7448,-2.4555,-3.4788,-4.4991,-6.1582,-8.4104,-11.992,-15.765,-21.949,-20.337,-16.115,-12.89,-11.309,-10.571,-10.156,-10.625,-12.039,-13.833,-18.29,-32.994,-24.18,-14.761,-9.9635,-6.7978,-5.0242,-3.1305,-1.6171,-0.70839,0.21017,0.86571,1.1988,1.412,1.3543,1.0266,0.61067,-0.18431,-1.2453,-2.182,-3.5216,-4.7612,-5.4482,-5.869,-5.844,-5.6711,-5.6055,-5.6805,-5.9959,-6.3893,-7.0627,-7.8,-8.4778,-8.8149,-8.9429,-8.7369,-8.4243,-7.9369,-7.5281,-7.3269,-7.2382,-7.3897,-7.7296,-8.1541,-8.9473,-10.082,-11.273,-13.384,-15.953,-16.548,-13.688,-10.011,-7.0557,-5.3389,-3.6054,-2.3982,-1.7926,-1.365,-1.3569,-1.8005
-1.2568,-0.75706,-0.13746,0.39892,0.744,1.1344,1.4399,1.6116,1.7692,1.8552,1.8869,1.8631,1.787,1.6536,1.5007,1.2025,0.74909,0.27505,-0.61628,-1.9012,-3.7135,-5.5143,-8.3505,-9.7671,-8.3503,-5.3208,-2.7707,-1.3142,0.10706,1.0658,1.6542,1.8894,1.9573,1.7937,1.5488,1.1004,0.57579,0.086282,-0.17646,-0.28203,-0.056832,0.31262,0.95626,1.6581,2.1633,2.7331,3.1493,3.4025,3.4851,3.4474,3.2501,3.0101,2.5914,2.0726,1.6314,0.99373,0.32332,-0.3852,-0.94302,-1.7295,-2.5525,-3.1659,-3.9169,-4.4259,-4.5501,-4.3797,-3.9188,-3.3858,-3.0513,-2.7873,-2.8202,-3.0826,-3.797,-5.0147,-6.8904,-8.8517,-12.241,-14.492,-12.78,-9.1143,-6.231,-4.6336,-3.0657,-1.8372,-0.94507,-0.57848,-0.30504,-0.10605,-0.058039,-0.15007,-0.28517,-0.3038,-0.19049,0.14084,0.68401,1.2146,2.0471,2.864,3.3797,3.9553,4.4173,4.6607,4.6783,4.5109,4.1219,3.6457,2.7348,1.5468,0.47677,-1.2001,-2.9815,-4.367,-4.787,-4.4464,-3.4718,-2.6909,-1.8225,-1.1993,-0.81069,-0.6835,-0.73882,-1.0021,-1.3519,-2.0146,-2.9272,-3.7994,-5.1686,-6.6317,-8.5709,-10.173,-11.247,-11.394,-11.181,-10.316,-9.3967,-9.0481,-8.8963,-8.9592,-9.2827,-9.6229,-10.077,-10.137,-9.568,-8.2418,-6.717,-5.0253,-3.8178,-2.4111,-1.2232,-0.44703,0.42386,1.0688,1.4295,1.7647,1.9299,1.921,1.8085,1.5496,1.1541,0.79859,0.26499,-0.28234,-0.69725,-1.2605,-1.8206,-2.4448,-2.99,-3.8946,-5.0643,-6.1891,-8.1624,-10.941,-15.013,-19.086,-19.613,-14.678,-11.909,-9.4257,-7.7759,-6.9234,-6.2193,-5.9011,-5.936,-6.1713,-6.7649,-7.6977,-8.6269,-10.119,-11.466,-11.661,-10.246,-7.9151,-5.6574,-4.2288,-2.6852,-1.5427,-0.93485,-0.42385,-0.24211,-0.38448
-3.1058,-2.3244,-1.4197,-0.65056,-0.15543,0.40417,0.8625,1.1595,1.5097,1.7958,2.0308,2.1713,2.287,2.2969,2.2198,1.9771,1.5281,1.0303,0.10859,-1.1672,-2.8557,-4.4049,-6.5104,-7.4105,-6.6311,-4.596,-2.6265,-1.4226,-0.20777,0.57974,0.99218,1.0725,0.87688,0.31782,-0.3552,-1.6481,-3.4947,-6.0605,-8.454,-10.92,-9.3486,-6.8417,-3.9391,-1.7628,-0.51035,0.75551,1.6768,2.325,2.6512,2.9051,2.9904,2.9515,2.7767,2.4618,2.1397,1.5872,0.87276,-0.036423,-0.88276,-2.3127,-4.2193,-6.1252,-9.7169,-15.286,-17.458,-13.01,-8.6472,-5.9844,-4.649,-3.4894,-2.8644,-2.6754,-2.7339,-3.0679,-3.5963,-4.0302,-4.517,-4.751,-4.697,-4.3286,-3.7556,-3.2867,-2.6356,-1.9631,-1.5358,-1.3034,-0.90986,-0.60916,-0.49152,-0.30411,-0.07683,0.14461,0.35782,0.73576,1.15,1.5005,2.0636,2.5955,2.9438,3.4218,3.8545,4.1178,4.2256,4.2806,4.177,3.9735,3.5727,3.0769,2.6254,1.9494,1.3051,0.75391,0.40238,0.067672,-0.11004,-0.19937,-0.29874,-0.38901,-0.50751,-0.65276,-0.91525,-1.2468,-1.5518,-2.0511,-2.6299,-3.111,-3.8974,-4.534,-5.1057,-5.717,-6.3022,-6.4657,-6.6263,-6.8517,-6.8281,-6.8054,-6.9321,-7.0158,-7.0523,-7.0693,-6.9125,-6.6262,-6.3343,-5.6534,-4.7839,-3.9083,-3.2304,-2.3131,-1.4913,-0.94964,-0.29021,0.29009,0.65377,1.054,1.3782,1.6148,1.7258,1.7826,1.7429,1.6489,1.4353,1.1264,0.84194,0.37756,-0.18928,-0.86084,-1.4423,-2.3467,-3.4238,-4.36,-5.8122,-7.4682,-9.1011,-9.9852,-10.134,-9.1576,-8.0843,-6.706,-5.5923,-4.9573,-4.366,-4.0218,-3.8971,-3.9024,-4.0264,-4.2041,-4.3329,-4.4348,-4.3532,-4.1498,-3.6448,-2.9341,-2.0799,-1.4292,-0.61567,0.090169,0.52565,0.96991,1.249,1.3851
-6.0653,-4.9312,-3.7928,-2.9864,-2.5475,-2.1177,-1.7662,-1.5012,-1.0747,-0.55491,0.030369,0.48871,1.0542,1.5186,1.7731,1.9638,1.967,1.8479,1.5392,1.088,0.5688,0.18608,-0.23536,-0.46043,-0.46317,-0.27213,0.067437,0.3402,0.67208,0.89021,0.92393,0.80915,0.44222,-0.21764,-0.93107,-2.209,-3.9016,-5.9982,-7.6433,-9.0305,-8.2683,-6.7957,-4.7093,-2.9315,-1.8587,-0.72817,0.13222,0.74656,1.0678,1.3465,1.495,1.525,1.4867,1.3639,1.2198,0.93225,0.51874,-0.057269,-0.62141,-1.5694,-2.7924,-3.8736,-5.4145,-6.684,-6.9756,-6.407,-5.1354,-3.8219,-2.9864,-2.16,-1.6584,-1.4773,-1.4597,-1.6631,-2.0284,-2.3732,-2.8897,-3.3926,-3.7291,-4.0579,-4.2421,-4.262,-4.1138,-3.9194,-3.8368,-3.6547,-3.3536,-3.3077,-3.3267,-3.2096,-3.0065,-2.8014,-2.5922,-2.203,-1.7121,-1.2957,-0.73136,-0.15123,0.34569,1.0504,1.6432,2.1733,2.5513,2.9409,3.1518,3.2262,3.2186,3.0422,2.8108,2.4303,1.9557,1.3881,0.93662,0.33012,-0.30484,-0.77153,-1.3459,-1.8567,-2.3282,-2.6315,-2.9661,-3.2783,-3.5244,-3.849,-4.1655,-4.382,-4.8195,-5.2897,-5.4109,-5.5634,-5.9837,-6.1848,-6.2254,-6.4402,-6.755,-6.9523,-7.2607,-7.6963,-8.1833,-8.505,-8.6655,-8.4323,-8.1106,-7.4314,-6.4157,-5.4342,-4.804,-4.0537,-3.4182,-3.0528,-2.6855,-2.318,-2.0162,-1.5733,-1.0592,-0.50393,-0.10283,0.346,0.67601,0.8256,0.87449,0.7496,0.55582,0.18507,-0.31254,-0.8775,-1.3282,-1.9314,-2.5083,-2.8965,-3.3422,-3.6976,-3.926,-3.9917,-3.9355,-3.7286,-3.4937,-3.1873,-2.9244,-2.8012,-2.7472,-2.8085,-2.9729,-3.1332,-3.3677,-3.5477,-3.5988,-3.5234,-3.2447,-2.9231,-2.3804,-1.7564,-1.101,-0.6163,-0.0097264,0.53486,0.88839,1.2869,1.58,1.7783
-6.0764,-5.3494,-4.765,-4.6333,-4.8339,-5.4672,-6.3513,-6.9335,-6.9924,-5.7584,-3.8597,-2.4278,-0.76077,0.56685,1.3355,2.0783,2.5459,2.727,2.7746,2.6273,2.3327,2.0591,1.6566,1.2777,1.0523,0.85674,0.82136,0.87579,1.0087,1.1522,1.2259,1.1869,0.97978,0.58329,0.16123,-0.54083,-1.332,-2.117,-2.6203,-3.0595,-3.1831,-3.0487,-2.6633,-2.1524,-1.757,-1.2669,-0.89882,-0.70198,-0.64351,-0.66158,-0.76806,-0.84395,-0.87623,-0.77946,-0.63075,-0.36604,-0.10102,0.088787,0.15668,0.1359,0.011103,-0.1231,-0.30718,-0.42753,-0.4199,-0.3199,-0.10221,0.16253,0.3421,0.50779,0.54402,0.46215,0.18024,-0.3267,-1.0759,-1.8145,-3.0468,-4.5584,-5.8175,-7.5087,-8.6804,-8.8571,-8.377,-7.7526,-7.0432,-6.6962,-6.931,-7.4228,-7.7439,-8.3293,-8.7172,-8.4676,-8.0486,-7.4473,-6.8022,-6.3038,-5.7224,-4.9245,-4.0748,-2.8771,-1.6934,-0.46461,0.36935,1.2416,1.9002,2.2736,2.5494,2.5655,2.4524,2.123,1.5472,0.76203,0.054899,-1.0778,-2.394,-3.4262,-4.7603,-5.9293,-6.6903,-6.9489,-7.0322,-7.0162,-6.9996,-7.0453,-7.2153,-7.3701,-7.4245,-7.7466,-8.0454,-7.8804,-7.7039,-7.7453,-7.6444,-7.4549,-7.6,-7.874,-8.4036,-9.4636,-11.137,-12.944,-16.351,-18.201,-15.874,-11.97,-9.2384,-7.3401,-6.3281,-5.5847,-5.4198,-5.5998,-6.2498,-7.187,-7.6536,-7.2632,-5.7677,-3.943,-2.7058,-1.369,-0.43376,-0.0024416,0.27339,0.21984,-0.030197,-0.59707,-1.3783,-2.3015,-2.9911,-3.7182,-4.0429,-3.9723,-3.5506,-2.9398,-2.3069,-1.8714,-1.3779,-0.99931,-0.82811,-0.72857,-0.81154,-1.0061,-1.4505,-2.1371,-3.06,-3.8985,-5.0866,-6.1428,-6.6019,-6.5027,-5.7112,-4.8543,-3.6738,-2.5765,-1.6567,-1.0678,-0.40767,0.11656,0.43596,0.78281,1.0631,1.277
-3.6307,-3.3847,-3.386,-3.8545,-4.5953,-6.2511,-9.1297,-12.621,-16.701,-10.925,-5.9788,-3.3919,-0.86646,0.96407,1.9952,3.0002,3.6303,3.8848,3.9458,3.7053,3.1535,2.5399,1.4803,0.2142,-0.76894,-1.7671,-1.974,-1.5365,-0.56586,0.40777,1.146,1.4878,1.6363,1.4648,1.142,0.46693,-0.42008,-1.433,-2.2166,-3.1094,-3.6819,-3.7884,-3.5568,-3.096,-2.7178,-2.3182,-2.1871,-2.3643,-2.7314,-3.5926,-4.8528,-5.8987,-6.8886,-6.4843,-5.3061,-3.3893,-1.6797,-0.32846,0.44738,1.206,1.7187,1.9727,2.1834,2.3123,2.3912,2.4347,2.5051,2.5656,2.5931,2.5871,2.5029,2.3534,1.9975,1.4067,0.51138,-0.41795,-2.0916,-4.4821,-6.9792,-11.998,-20.382,-17.907,-11.931,-9.1703,-7.6168,-7.5337,-8.5261,-10.058,-12.322,-18.387,-29.122,-18.814,-14.973,-12.609,-12.223,-12.922,-14.658,-15.277,-13.104,-9.2076,-5.822,-3.122,-1.649,-0.15718,1.0099,1.6253,2.1134,2.3377,2.3159,1.9648,1.3052,0.31155,-0.72949,-2.5437,-4.9268,-7.2914,-11.611,-17.549,-19.12,-15.915,-13.023,-11.553,-11.003,-10.879,-11.285,-11.917,-12.397,-12.748,-13.655,-13.74,-12.48,-11.064,-10.211,-8.9853,-7.9346,-7.5336,-7.4557,-7.7663,-8.5727,-9.5486,-11.042,-11.182,-10.357,-8.3517,-6.3004,-4.9365,-4.2386,-3.8364,-4.1753,-4.9202,-6.7342,-10.121,-13.871,-14.252,-8.6593,-4.7499,-2.7832,-0.9614,0.17249,0.65967,0.8965,0.6922,0.23712,-0.80911,-2.4351,-4.9037,-7.5702,-12.855,-15.22,-10.94,-6.4524,-3.5513,-1.5894,-0.5173,0.50971,1.1641,1.4382,1.5519,1.3619,1.0168,0.2508,-0.9325,-2.637,-4.3849,-7.6953,-13.407,-23.645,-18.002,-10.435,-7.5507,-5.0844,-3.4826,-2.4155,-1.8693,-1.4081,-1.1662,-1.0736,-1.0223,-0.90388,-0.6601
-2.0796,-1.9131,-1.9245,-2.1728,-2.4807,-2.9935,-3.5003,-3.7071,-3.618,-2.9341,-1.8395,-0.88759,0.407,1.5913,2.3569,3.1801,3.7375,3.9683,3.9954,3.6779,2.9454,2.0559,0.29821,-2.4647,-5.6562,-13.78,-15.35,-8.168,-3.5083,-0.93225,0.54227,1.1729,1.5061,1.323,0.86746,-0.16434,-1.7604,-4.0266,-6.3189,-10.527,-15.151,-14.306,-10.171,-7.2837,-5.884,-4.7452,-4.2587,-4.3139,-4.7621,-5.968,-8.0452,-10.446,-14.611,-13.52,-9.7401,-5.7971,-3.1106,-1.2454,-0.24756,0.68368,1.2459,1.464,1.5518,1.472,1.3028,1.1724,1.0698,1.0982,1.2203,1.4717,1.737,1.8918,1.9813,1.8824,1.5486,1.1378,0.35587,-0.65402,-1.4967,-2.6062,-3.4321,-3.745,-3.8847,-3.7543,-3.9272,-4.3817,-4.9194,-6.2606,-7.398,-8.6947,-9.8763,-9.927,-9.8803,-9.9106,-10.393,-11.22,-12.422,-13.118,-11.776,-9.3377,-6.7911,-4.5428,-3.2829,-1.8481,-0.684,-0.053933,0.56072,0.94517,1.0031,0.80992,0.33647,-0.51715,-1.4038,-2.9063,-4.8727,-6.6474,-9.2216,-11.639,-12.845,-12.895,-12.85,-12.976,-13.52,-14.811,-16.465,-18.192,-21.376,-22.829,-27.761,-37.982,-24.588,-17.537,-13.789,-10.682,-8.3675,-7.0123,-5.792,-4.9136,-4.3686,-4.0152,-3.5887,-3.1996,-2.7116,-2.1074,-1.5233,-0.94797,-0.68522,-0.51377,-0.54768,-0.75466,-1.121,-1.4776,-1.6376,-1.4929,-0.97339,-0.23952,0.33147,0.95888,1.3536,1.5025,1.4452,1.1108,0.6764,-0.17938,-1.3595,-2.8171,-4.0128,-5.3251,-5.5729,-4.8507,-3.2391,-1.5834,-0.17108,0.68176,1.5492,2.1273,2.3955,2.5179,2.3796,2.0998,1.4765,0.57689,-0.60693,-1.6601,-3.2067,-4.6494,-5.4283,-5.8106,-5.5498,-5.1388,-4.5698,-4.1358,-3.9016,-3.9093,-4.1932,-4.8737,-5.6833,-7.1333,-8.6115,-8.6497
-2.424,-2.4109,-2.55,-2.8111,-3.0603,-3.4161,-3.6943,-3.7943,-3.7383,-3.4069,-2.7583,-2.1301,-1.1477,-0.12875,0.5986,1.4687,2.1767,2.567,2.8778,2.9135,2.679,2.3143,1.5933,0.68787,0.013942,-0.66386,-0.82025,-0.53331,0.11809,0.79375,1.2836,1.4511,1.4048,1.0096,0.4728,-0.56778,-2.0123,-3.8863,-5.5337,-7.8297,-9.505,-9.7192,-8.8598,-7.7049,-6.9837,-6.3449,-5.9723,-5.8414,-5.8786,-5.9846,-6.118,-6.1433,-5.9338,-5.3424,-4.6751,-3.6052,-2.5493,-1.6829,-1.2043,-0.84494,-0.83046,-1.0464,-1.6551,-2.6514,-3.9733,-5.0753,-6.2799,-6.3929,-5.6161,-4.0303,-2.4687,-1.461,-0.40305,0.34143,0.80777,0.99451,1.0634,0.97287,0.82201,0.57344,0.30861,0.092142,-0.19296,-0.47392,-0.96299,-1.2331,-1.705,-2.4636,-2.8664,-3.5064,-4.1858,-4.6847,-5.0864,-5.6452,-6.1081,-6.4921,-7.0754,-7.2696,-7.3528,-7.4546,-6.9903,-6.5583,-6.1328,-5.2008,-4.2833,-3.6219,-2.7424,-2.1321,-1.8625,-1.6669,-1.8077,-2.2303,-2.6859,-3.5442,-4.5834,-5.4101,-6.6339,-7.8042,-8.929,-9.8536,-11.059,-12.604,-14.168,-16.965,-21.025,-27.203,-37.885,-29.875,-22.114,-20.823,-17.664,-14.322,-12.399,-9.6581,-7.5856,-6.349,-4.8585,-3.732,-2.864,-2.2977,-1.6075,-1.0958,-0.71252,-0.20366,0.17494,0.54546,0.74837,0.92632,1.0523,1.0835,1.0593,1.037,1.0008,0.97432,0.97942,0.96345,0.93955,0.85747,0.69616,0.52107,0.20868,-0.18911,-0.50651,-0.95081,-1.3836,-1.7435,-1.9381,-2.0458,-1.9168,-1.6801,-1.2136,-0.64001,-0.04342,0.36921,0.85527,1.2246,1.4222,1.5478,1.515,1.3824,1.0577,0.55477,-0.11135,-0.71377,-1.6032,-2.5483,-3.2699,-4.2286,-5.166,-5.8261,-6.5949,-7.1397,-7.4406,-7.5565,-7.7587,-8.3057,-9.1245,-10.971,-13.627,-14.112
-3.5391,-3.7978,-4.275,-4.9365,-5.5681,-6.5644,-7.6855,-8.5425,-9.3194,-9.3161,-8.2967,-7.1034,-5.3185,-3.5785,-2.3804,-0.97151,0.21046,0.94623,1.7311,2.2949,2.6547,2.8118,2.8841,2.8583,2.794,2.7138,2.6525,2.6327,2.62,2.5743,2.457,2.2908,1.9344,1.4203,0.92518,0.12284,-0.8165,-1.8603,-2.6664,-3.7124,-4.6296,-5.2389,-5.9388,-6.5808,-7.0623,-7.7003,-8.2332,-8.5112,-8.3939,-7.8559,-7.0146,-6.2806,-5.2665,-4.3014,-3.6193,-2.8389,-2.2116,-1.7958,-1.6467,-1.7008,-2.0981,-2.6368,-3.7662,-5.4758,-8.0213,-10.82,-16.618,-18.382,-13.352,-8.6816,-5.6722,-4.0198,-2.3394,-1.0912,-0.15723,0.36815,0.88469,1.2217,1.375,1.4666,1.4477,1.3731,1.2138,0.93233,0.66392,0.4306,-0.067949,-0.40862,-0.78569,-1.3094,-1.7644,-2.3452,-2.745,-3.3509,-4.037,-4.6049,-5.519,-6.5589,-7.6271,-9.1858,-11.126,-13.343,-13.862,-12.325,-9.9036,-8.1764,-6.3156,-5.1016,-4.4451,-3.9139,-3.7942,-3.9166,-4.1805,-4.7179,-5.3285,-5.8548,-6.5728,-7.2683,-8.0008,-8.5479,-9.3203,-10.295,-11.075,-12.277,-13.392,-14.157,-14.862,-14.038,-13.492,-12.075,-10.779,-9.2004,-8.0544,-6.786,-5.4903,-4.7197,-3.7956,-3.0222,-2.3497,-1.9298,-1.4601,-0.96073,-0.68033,-0.29326,0.10377,0.40505,0.62712,0.8668,1.0099,1.0901,1.11,1.0447,0.9573,0.75833,0.47672,0.10923,-0.24345,-0.79027,-1.4318,-1.9777,-2.7154,-3.4154,-3.8505,-4.1992,-4.2553,-4.0888,-3.8486,-3.4621,-3.0452,-2.7394,-2.3635,-2.0172,-1.7049,-1.4764,-1.1729,-0.86764,-0.64436,-0.38499,-0.18968,-0.10823,-0.11533,-0.28402,-0.63616,-1.0277,-1.7448,-2.7227,-3.6555,-5.212,-7.293,-9.3307,-12.949,-16.877,-16.099,-13.404,-10.526,-8.639,-7.6917,-6.7949,-6.0275,-5.1673
-5.0977,-5.4498,-6.0859,-7.0076,-7.9429,-9.6578,-12.189,-15,-21.688,-33.744,-18.016,-13.592,-9.7608,-6.9437,-5.1971,-3.2115,-1.5434,-0.46869,0.74027,1.7243,2.4851,2.9239,3.3631,3.6448,3.7676,3.8363,3.82,3.7386,3.5619,3.3021,2.9491,2.635,2.1354,1.557,1.0806,0.39222,-0.33838,-1.1008,-1.6961,-2.5284,-3.4163,-4.1498,-5.2919,-6.7257,-8.1038,-10.557,-14.276,-19.346,-19.346,-14.009,-10.018,-7.8705,-5.7484,-4.1895,-3.2917,-2.3871,-1.7927,-1.4694,-1.4069,-1.553,-1.9529,-2.4366,-3.2839,-4.3245,-5.4718,-6.2586,-7.0318,-7.219,-6.9194,-6.0764,-4.9406,-4.0352,-2.8578,-1.7689,-0.82377,-0.21368,0.45818,0.96255,1.241,1.4722,1.5568,1.5446,1.4165,1.2052,0.94995,0.63218,0.30295,-0.061581,-0.37554,-0.71522,-1.077,-1.4562,-1.7632,-2.2265,-2.8541,-3.3918,-4.2644,-5.5635,-6.6266,-8.6751,-11.441,-14.549,-16.157,-13.872,-10.861,-8.8526,-7.0527,-5.8554,-5.252,-4.9517,-4.9562,-5.3276,-5.8084,-6.5545,-7.4498,-8.0538,-8.5728,-8.7946,-8.6687,-8.4487,-8.2248,-7.9777,-7.8664,-7.7873,-7.736,-7.5662,-7.5078,-7.1223,-6.6528,-6.3703,-5.6111,-5.103,-4.632,-4.0519,-3.6648,-3.3375,-3.0794,-2.91,-2.7965,-2.7328,-2.6546,-2.4909,-2.2676,-1.9422,-1.4992,-1.0366,-0.71107,-0.32596,-0.059347,0.050534,0.10172,-0.0064618,-0.17128,-0.50982,-1.0021,-1.6314,-2.2202,-3.1952,-4.4477,-5.5967,-7.4852,-9.7258,-11.422,-12.494,-11.336,-9.3088,-7.9346,-6.5067,-5.5641,-5.1217,-4.8257,-4.8164,-4.9739,-5.0967,-5.1213,-4.8091,-4.3605,-3.5516,-2.7108,-2.1539,-1.5843,-1.2382,-1.1404,-1.2299,-1.5869,-2.2163,-2.8892,-4.0732,-5.6394,-7.0784,-9.1935,-10.746,-10.451,-9.1573,-7.1479,-5.3961,-4.3098,-3.1344,-2.1872,-1.4013
-7.0857,-7.0939,-7.2451,-7.615,-8.0973,-9.0407,-10.292,-11.38,-12.632,-13.236,-12.876,-12.068,-10.472,-8.4719,-6.8278,-4.6603,-2.6591,-1.3257,0.20809,1.454,2.4414,3.0144,3.5885,3.9563,4.124,4.1917,4.1173,3.9685,3.6541,3.2204,2.666,2.1836,1.4794,0.72376,0.15428,-0.56776,-1.2038,-1.7247,-2.0605,-2.4831,-2.943,-3.3539,-4.062,-5.0145,-5.9181,-7.4245,-9.0386,-10.205,-10.081,-8.6691,-6.7267,-5.3322,-3.761,-2.5071,-1.7897,-1.0827,-0.63996,-0.45257,-0.46971,-0.69822,-1.1413,-1.613,-2.3861,-3.3029,-4.2977,-5.0151,-5.8728,-6.4543,-6.6419,-6.4726,-5.8027,-5.0794,-3.9414,-2.7612,-1.6624,-0.92626,-0.093742,0.53569,0.87754,1.1633,1.25,1.1935,0.95318,0.5963,0.043593,-0.39777,-0.85693,-1.4582,-1.667,-1.8245,-1.8962,-1.7879,-1.7665,-1.7378,-1.8413,-2.0171,-2.3859,-2.9258,-3.375,-4.1773,-4.7844,-5.3981,-5.5643,-5.4705,-5.1691,-4.7794,-4.3963,-4.0988,-4.0406,-4.2706,-4.7785,-5.7703,-6.8238,-8.7756,-11.65,-14.393,-17.408,-15.247,-11.681,-9.6312,-7.6346,-6.1752,-5.3855,-4.5639,-4.0051,-3.6347,-3.1649,-2.9824,-2.5763,-2.5043,-2.2958,-2.1695,-2.1669,-2.1494,-2.3343,-2.53,-2.9593,-3.5816,-4.4403,-5.1625,-6.0801,-6.802,-6.7483,-6.0072,-4.8864,-3.628,-2.837,-2.0333,-1.479,-1.285,-1.2299,-1.4048,-1.6849,-2.1787,-2.8011,-3.5215,-4.1166,-5.0513,-6.2088,-7.3069,-9.3219,-12.125,-14.838,-16.86,-13.98,-10.615,-8.7651,-7.1139,-6.2106,-5.9771,-6.2384,-7.222,-9.1025,-11.294,-15.057,-14.952,-11.698,-7.9001,-5.2769,-3.8587,-2.4984,-1.5916,-1.0434,-0.82239,-0.72611,-0.82004,-0.98223,-1.3136,-1.6785,-1.9387,-2.1824,-2.2271,-2.0036,-1.6606,-1.0565,-0.38082,0.12381,0.7387,1.2362,1.6045
-10.535,-9.0329,-7.613,-6.8235,-6.6063,-6.7121,-7.2513,-7.9187,-9.203,-10.984,-13.66,-16.281,-17.532,-12.854,-9.3185,-5.637,-2.8565,-1.2022,0.56157,1.9006,2.8914,3.4432,3.9445,4.2226,4.2994,4.2422,4.0078,3.7427,3.2444,2.5883,1.7575,0.99859,-0.19182,-1.5694,-2.6719,-4.0165,-4.8611,-4.8848,-4.4679,-3.683,-2.973,-2.5725,-2.2446,-2.1415,-2.1765,-2.2998,-2.4283,-2.445,-2.3186,-1.9716,-1.4377,-0.9987,-0.3945,0.16256,0.50467,0.83966,1.0187,1.0091,0.86672,0.49035,-0.12507,-0.72682,-1.761,-3.0543,-4.6409,-6.0763,-8.3082,-10.915,-12.786,-13.402,-11.225,-9.0682,-6.4614,-4.3339,-2.6271,-1.5896,-0.50346,0.29533,0.7017,0.99749,1.0238,0.84588,0.35816,-0.47138,-1.6484,-2.6265,-4.3912,-5.9205,-6.4918,-6.2381,-4.9739,-3.542,-2.6286,-1.697,-1.0182,-0.73188,-0.56303,-0.50776,-0.66622,-0.80094,-1.0769,-1.3002,-1.3897,-1.5762,-1.577,-1.6418,-1.691,-1.7769,-1.9766,-2.2806,-2.8974,-3.7549,-4.6433,-6.2402,-8.172,-9.8176,-10.978,-9.9858,-7.7169,-6.1378,-4.3285,-2.9423,-2.1375,-1.2926,-0.66775,-0.40442,-0.053541,0.083537,0.10364,0.14899,-0.06173,-0.19716,-0.42791,-0.83271,-1.2789,-1.8203,-2.6675,-3.8808,-5.6521,-7.5409,-11.4,-20.329,-28.571,-13.324,-8.1764,-5.2981,-3.8653,-2.6515,-2.0214,-1.8598,-2.0775,-2.6618,-3.3388,-4.4467,-5.5821,-6.4797,-6.8093,-6.8509,-6.6603,-6.5366,-6.4694,-6.4448,-6.3707,-6.0985,-5.5427,-4.7932,-4.2398,-3.6566,-3.3606,-3.3725,-3.7806,-4.6701,-6.0749,-7.3679,-8.8599,-8.7671,-7.5389,-5.4207,-3.5921,-2.5246,-1.4551,-0.7408,-0.28722,-0.075982,0.1071,0.2267,0.31928,0.47463,0.69547,0.9074,1.2581,1.6724,2.1403,2.5139,3.0057,3.4632,3.755,4.0528,4.221,4.2313
-8.8384,-7.003,-5.213,-4.096,-3.6088,-3.3687,-3.5357,-3.8941,-4.7638,-6.0336,-7.6008,-8.6498,-8.8228,-7.0247,-5.1276,-2.7189,-0.71707,0.50266,1.7726,2.6958,3.3039,3.5808,3.7389,3.6897,3.5221,3.1911,2.7455,2.3451,1.7385,1.0043,0.098706,-0.76451,-2.2981,-4.4955,-6.8849,-12.133,-28.494,-14.6,-9.3476,-5.5001,-3.1365,-1.9316,-0.82265,-0.11784,0.2127,0.48203,0.59379,0.65565,0.66948,0.72424,0.82571,0.94603,1.1538,1.374,1.551,1.7425,1.822,1.7514,1.5706,1.1324,0.44317,-0.25745,-1.4479,-2.946,-4.775,-6.4196,-9.0309,-12.186,-14.658,-15.733,-12.82,-10.228,-7.3009,-4.9745,-3.1471,-2.0475,-0.8945,-0.057253,0.37277,0.68116,0.68632,0.48581,-0.086878,-1.0966,-2.5169,-4.2839,-7.3175,-12.827,-18.461,-13.503,-7.7186,-4.5451,-2.8935,-1.3498,-0.38224,0.11077,0.48626,0.57228,0.53736,0.37064,0.051638,-0.19417,-0.45501,-0.67011,-0.83022,-0.90686,-0.90367,-0.93488,-0.91877,-0.96014,-1.0753,-1.255,-1.461,-1.7433,-2.0306,-2.1349,-2.0952,-1.7663,-1.2081,-0.713,-0.013585,0.59773,1.0031,1.4022,1.6562,1.7743,1.653,1.5902,1.2007,0.94316,0.5071,-0.040423,-0.3838,-0.92357,-1.4069,-1.7646,-2.3072,-2.9442,-3.6823,-4.4251,-5.2937,-5.9447,-5.8966,-5.0353,-3.7993,-2.5522,-1.8694,-1.2202,-1.0705,-1.2409,-1.9334,-3.2491,-4.7036,-7.6173,-12.34,-20.497,-18.374,-11.659,-8.0644,-6.342,-4.6753,-3.5123,-2.8054,-2.0215,-1.3452,-0.75592,-0.38421,0.0085936,0.24511,0.31002,0.24716,0.031721,-0.27226,-0.50234,-0.71732,-0.76592,-0.66946,-0.45071,-0.21218,-0.082982,-0.029379,-0.14788,-0.42061,-0.68756,-1.0549,-1.2648,-1.228,-0.80086,-0.041133,0.67585,1.6948,2.7049,3.6305,4.246,4.9542,5.5164,5.8319,6.0924,6.16,6.0045
-2.4186,-2.0283,-1.4765,-0.99065,-0.70202,-0.45898,-0.37035,-0.40561,-0.52823,-0.71237,-0.84222,-0.84792,-0.67641,-0.2502,0.18761,0.83793,1.4593,1.8521,2.2266,2.3952,2.3499,2.1535,1.6937,1.0031,0.37265,-0.5779,-1.4959,-2.0971,-2.6318,-2.9035,-3.0672,-3.2213,-3.6008,-4.2376,-4.8526,-5.6473,-5.9285,-5.2949,-4.3497,-2.8952,-1.5959,-0.79308,0.012515,0.52441,0.73082,0.77517,0.61268,0.25624,-0.097424,-0.62573,-1.1092,-1.3166,-1.3166,-0.98289,-0.5956,-0.048799,0.38687,0.60781,0.59629,0.30753,-0.30151,-0.99414,-2.1951,-3.7357,-5.5318,-6.9765,-8.8515,-10.28,-10.783,-10.579,-9.6285,-8.5813,-7.0331,-5.5386,-4.1863,-3.3199,-2.3464,-1.6191,-1.2125,-0.85473,-0.72619,-0.76177,-1.0194,-1.4349,-2.1907,-2.7216,-3.5552,-4.1881,-4.3192,-4.0569,-3.2318,-2.2429,-1.54,-0.77857,-0.28177,-0.088829,-0.039606,-0.32149,-0.60207,-1.337,-2.0467,-2.9762,-3.5822,-4.1194,-4.4572,-4.337,-4.0291,-3.5322,-3.066,-2.5575,-1.9817,-1.5283,-1.1963,-0.79945,-0.4519,-0.17286,0.16352,0.52694,0.86633,1.1377,1.4498,1.6944,1.812,1.853,1.7252,1.5688,1.1589,0.51829,-0.23015,-1.0738,-2.0902,-3.3767,-4.186,-4.938,-5.2958,-5.0872,-4.6496,-4.0546,-3.5058,-3.1022,-2.6696,-2.1361,-1.7921,-1.2278,-0.68589,-0.22081,0.048272,0.18945,0.084703,-0.23191,-0.91472,-2.0024,-3.0633,-4.7654,-6.55,-7.7664,-7.8333,-6.9115,-5.5788,-4.5894,-3.4212,-2.3993,-1.7365,-0.91492,-0.17586,0.4696,0.89912,1.3807,1.7499,1.9399,2.0925,2.128,2.0655,1.9622,1.7753,1.5409,1.3396,0.99489,0.5539,0.13896,-0.59134,-1.5711,-2.9221,-4.2623,-6.6187,-9.5446,-10.997,-9.2374,-5.7161,-3.4007,-0.9124,1.0334,2.5799,3.5211,4.5447,5.3241,5.7625,6.1538,6.3095,6.2205
-0.090416,-0.018084,0.14639,0.37004,0.55913,0.81883,1.0649,1.2115,1.3997,1.5411,1.6479,1.722,1.8072,1.8849,1.9232,1.9369,1.8736,1.7493,1.4795,1.0369,0.40432,-0.23496,-1.3547,-2.8599,-4.2934,-6.8562,-10.207,-12.852,-13.444,-10.559,-7.9653,-6.5229,-5.1503,-4.2155,-3.6879,-3.1087,-2.5414,-1.9588,-1.4992,-0.86522,-0.30812,0.032153,0.34214,0.44338,0.36458,0.005069,-0.66882,-1.7709,-2.8982,-4.9762,-7.7751,-10.001,-10.63,-7.8587,-5.6912,-3.4672,-1.9633,-1.065,-0.74349,-0.72508,-1.1693,-1.7977,-3.0638,-4.8784,-7.3645,-9.8142,-14.266,-20.455,-20.964,-15.826,-12.258,-10.389,-8.5554,-7.2268,-6.2227,-5.6126,-4.9258,-4.3635,-4.0029,-3.6056,-3.3093,-3.1645,-3.0602,-3.0129,-3.0955,-2.9467,-3.0736,-2.7532,-2.6497,-2.303,-1.8764,-1.458,-1.1468,-0.90649,-0.79906,-0.91711,-1.3192,-2.0342,-2.8494,-4.3386,-6.2899,-9.0215,-11.209,-14.239,-14.644,-13.143,-11.098,-9.1686,-7.9869,-6.6068,-5.304,-4.1835,-3.3892,-2.4864,-1.6974,-1.2068,-0.667,-0.21239,0.13711,0.35989,0.55463,0.68852,0.69544,0.6041,0.31331,-0.056887,-0.61589,-1.7129,-2.8758,-4.3007,-6.4596,-9.6334,-12.925,-18.553,-17.649,-13.642,-9.8524,-7.2408,-5.4179,-4.2186,-3.0022,-1.9311,-1.2486,-0.51985,0.11475,0.53968,0.79506,0.89739,0.8493,0.64294,0.21879,-0.39671,-0.94437,-1.7328,-2.5169,-3.1776,-3.5605,-3.8704,-3.9958,-3.931,-3.734,-3.3293,-2.901,-2.1861,-1.3678,-0.52519,0.081246,0.79091,1.3674,1.6951,1.9866,2.1162,2.0812,1.953,1.6591,1.2351,0.82885,0.20163,-0.54087,-1.1748,-2.1409,-3.2743,-4.6877,-5.9927,-8.0851,-10.455,-11.502,-10.075,-7.1187,-4.9985,-2.5944,-0.65954,0.92134,1.9273,3.0596,3.9763,4.5261,5.0837,5.432,5.5671
-0.079294,-0.22249,-0.24332,-0.044782,0.22776,0.71474,1.2547,1.6462,2.1,2.4553,2.6826,2.7751,2.793,2.6623,2.4729,2.1056,1.603,1.1444,0.43227,-0.36844,-1.2741,-2.0154,-3.1539,-4.5518,-5.8568,-8.0311,-10.623,-12.415,-12.702,-10.601,-8.1886,-6.7034,-5.1261,-3.8764,-3.087,-2.1906,-1.4232,-0.76539,-0.34073,0.11817,0.48341,0.67402,0.79283,0.7401,0.56787,0.14816,-0.57308,-1.6311,-2.7274,-4.6572,-7.1531,-9.0297,-9.4582,-7.1005,-5.1026,-2.9374,-1.4141,-0.44103,-0.029061,0.14363,-0.1038,-0.54698,-1.5137,-2.8898,-4.7263,-6.3398,-8.7389,-10.722,-11.213,-10.584,-9.5387,-8.8804,-8.3638,-8.1849,-8.2635,-8.3466,-8.3284,-7.999,-7.6102,-7.0538,-6.5311,-6.2572,-5.9756,-5.841,-5.4754,-5.2703,-4.8119,-4.1253,-3.6637,-2.8406,-2.1771,-1.5777,-1.247,-0.96892,-0.89902,-1.0356,-1.5139,-2.3169,-3.289,-4.8163,-7.2959,-10.182,-13.417,-17.1,-18.476,-16.898,-15.665,-14.263,-13.507,-11.527,-9.3546,-7.2613,-5.8983,-4.4991,-3.3881,-2.8261,-2.2233,-1.8373,-1.5259,-1.366,-1.1694,-0.99115,-0.90621,-0.88495,-0.97967,-1.3189,-1.8081,-2.7652,-3.8931,-5.0294,-6.963,-9.0879,-10.96,-12.545,-12.713,-11.564,-9.7914,-7.8526,-6.0753,-4.885,-3.364,-2.1164,-1.2223,-0.23694,0.5656,1.1738,1.4853,1.7321,1.7628,1.6799,1.3635,0.90116,0.43853,-0.27992,-1.1213,-2.0361,-2.7975,-3.9136,-5.1096,-6.0403,-7.1379,-7.6552,-7.2901,-5.9648,-4.1969,-2.4842,-1.3626,-0.1301,0.78612,1.2979,1.7211,1.8758,1.7812,1.5574,1.0561,0.33608,-0.32467,-1.3143,-2.3684,-3.137,-4.0292,-4.7272,-5.1917,-5.4418,-5.6539,-5.6596,-5.475,-4.991,-4.2015,-3.4734,-2.4375,-1.3584,-0.27162,0.55908,1.6252,2.6273,3.3073,4.0836,4.6914,5.1169
-2.1696,-3.1983,-3.8752,-3.2797,-2.2278,-0.64007,0.79407,1.7094,2.6557,3.323,3.7369,3.8713,3.8272,3.5292,3.1361,2.3707,1.3428,0.42657,-0.94519,-2.2909,-3.3812,-3.8931,-4.2282,-4.4094,-4.5659,-4.8332,-5.1892,-5.3824,-5.4722,-5.2775,-4.889,-4.4593,-3.7605,-2.9362,-2.2814,-1.3939,-0.58384,0.12626,0.56494,1.0026,1.2901,1.4187,1.4941,1.4837,1.4239,1.2794,1.0544,0.75537,0.46555,0.083994,-0.24033,-0.34875,-0.22234,0.25401,0.74016,1.4639,2.1344,2.6568,2.9266,3.0808,3.0047,2.7824,2.2987,1.6003,0.73328,0.016861,-0.93586,-1.8369,-2.4458,-3.1925,-3.9559,-4.6702,-5.9726,-7.8902,-10.712,-13.606,-17.015,-15.033,-12.477,-10.172,-9.0647,-8.8083,-9.1155,-9.884,-10.441,-10.64,-8.8386,-7.2151,-5.6686,-3.9464,-2.6229,-1.4924,-0.89335,-0.23314,0.086273,0.19579,0.085582,-0.37192,-0.84338,-1.92,-3.0993,-4.8031,-5.9751,-7.9189,-9.7369,-11.594,-14.627,-21.662,-35.517,-17.273,-11.361,-7.8128,-6.1037,-4.5022,-3.6457,-3.3175,-3.2886,-3.5926,-3.9783,-4.1261,-3.871,-3.2751,-2.6804,-2.0124,-1.5883,-1.4116,-1.7501,-2.0975,-3.1135,-3.7367,-5.128,-6.3081,-7.3707,-8.3794,-9.0825,-9.254,-8.8749,-8.014,-6.5746,-5.304,-3.6316,-1.8887,-0.81723,0.54302,1.5725,2.3978,2.7968,3.1652,3.2463,3.1701,2.8634,2.3466,1.826,0.96889,-0.059911,-1.2807,-2.3163,-3.9669,-6.0852,-8.2808,-12.749,-24.251,-20.377,-10.611,-5.9491,-2.9266,-1.2835,0.34587,1.479,2.0465,2.487,2.5811,2.35,1.9627,1.1517,-0.025003,-1.1668,-3.1116,-5.491,-7.4103,-9.3222,-9.1714,-7.6313,-6.4299,-5.1976,-4.318,-3.8649,-3.5034,-3.3428,-3.3284,-3.3369,-3.1675,-2.551,-1.7465,-0.35172,1.1512,2.2224,3.4673,4.4632,5.2033
-4.5044,-8.698,-18.386,-10.001,-5.4036,-1.6843,0.70476,1.9766,3.2253,4.0603,4.5497,4.7031,4.6205,4.2219,3.6888,2.6028,1.0016,-0.65249,-3.7123,-8.3435,-14.205,-12.708,-7.9249,-5.078,-3.7957,-2.8646,-2.5635,-2.6255,-3.0675,-3.8422,-4.8461,-5.5256,-5.7666,-4.8982,-3.7491,-2.139,-0.78067,0.17693,0.6377,0.96359,0.96583,0.83603,0.62615,0.52163,0.59405,0.86941,1.3096,1.7418,2.0593,2.399,2.7117,2.9437,3.2727,3.6308,3.9486,4.3966,4.8451,5.2481,5.4931,5.7177,5.8081,5.7795,5.6186,5.3199,4.9151,4.5365,3.9704,3.3357,2.7927,1.9704,0.97223,0.066635,-1.4314,-3.3839,-5.8353,-7.8504,-9.7731,-9.4627,-8.4893,-7.4193,-7.2002,-7.6253,-9.2427,-12.396,-18.605,-22.331,-13.581,-9.5029,-6.8334,-4.816,-3.008,-1.7099,-0.78005,0.19172,1.0019,1.4385,1.8299,1.9738,1.8979,1.5736,1.0037,0.2953,-0.42776,-1.4622,-2.6887,-3.5975,-4.8518,-5.6337,-5.9228,-5.3369,-4.3471,-3.1791,-2.5592,-1.9792,-1.9839,-2.3301,-3.5641,-5.8294,-10.097,-15.192,-14.126,-7.8513,-5.0114,-2.687,-1.467,-0.93068,-0.86624,-1.2106,-2.1758,-3.0359,-4.5168,-6.1976,-7.573,-9.6292,-11.718,-13.665,-15.718,-15.139,-11.281,-8.3601,-4.8955,-2.2625,-0.56461,1.1443,2.5056,3.4254,3.9367,4.2928,4.3859,4.2324,3.8344,3.1388,2.4715,1.358,0.070889,-1.3474,-2.3848,-3.6263,-4.6462,-5.2148,-5.7183,-5.6298,-5.0011,-3.5371,-1.7418,-0.046651,1.0365,2.1905,3.0037,3.3759,3.5996,3.525,3.1489,2.6635,1.7475,0.47506,-0.78691,-2.9638,-6.0108,-9.089,-13.2,-11.453,-7.608,-5.5646,-3.7374,-2.721,-2.4072,-2.4686,-3.2193,-4.337,-6.8389,-11.299,-14.367,-9.7489,-4.4172,-0.93101,0.9328,2.783,4.0891,4.9688
-0.42168,-1.3299,-2.0574,-1.9545,-1.4369,-0.44855,0.60833,1.3312,2.1503,2.7773,3.1748,3.3344,3.3371,3.074,2.6908,1.9189,0.78032,-0.32806,-2.1655,-4.154,-5.4878,-5.3783,-4.1201,-2.7236,-1.8895,-1.2863,-1.1753,-1.4759,-2.4487,-4.266,-7.4444,-11.592,-22.881,-12.214,-7.565,-4.0501,-2.046,-1.0316,-0.79295,-1.099,-2.132,-3.3966,-5.697,-7.644,-7.3405,-5.0239,-2.6585,-0.97594,-0.056316,0.73913,1.2306,1.4616,1.7268,2.0116,2.3269,2.8437,3.456,4.0758,4.4934,4.9542,5.2776,5.4281,5.4984,5.4551,5.3239,5.1664,4.8925,4.5686,4.2783,3.8154,3.2438,2.7446,1.9801,1.1058,0.1983,-0.44778,-1.1776,-1.7373,-2.0804,-2.5461,-3.1105,-3.7181,-4.7213,-5.9361,-6.7224,-7.6091,-7.2762,-7.5966,-6.9496,-6.9862,-6.047,-5.1151,-3.9038,-2.4095,-0.8617,0.067173,1.0689,1.8193,2.1269,2.4179,2.3417,2.2197,1.8797,1.4768,0.89172,0.51907,-0.036994,-0.38646,-0.57168,-0.56489,-0.45698,-0.25817,-0.13691,-0.11825,-0.33841,-0.72431,-1.5968,-2.8474,-4.2554,-5.0341,-4.8641,-3.6773,-2.5466,-1.3927,-0.66457,-0.60766,-0.68045,-1.5477,-2.7955,-4.2166,-6.3975,-9.4166,-11.808,-15.209,-16.894,-17.755,-18.484,-16.738,-12.302,-9.24,-5.5787,-2.9381,-1.2298,0.44048,1.7108,2.5187,2.9593,3.1878,3.1748,2.9363,2.3794,1.4747,0.55767,-1.065,-3.1763,-5.9208,-8.2189,-10.385,-9.5433,-7.7699,-5.5845,-3.7225,-2.5358,-1.1263,0.084324,1.0941,1.7002,2.2921,2.614,2.6832,2.5447,2.1754,1.6173,1.1064,0.34728,-0.43999,-1.0441,-1.8318,-2.5885,-3.0265,-3.2937,-3.1224,-2.6184,-2.1521,-1.5824,-1.2471,-1.2231,-1.5014,-2.2058,-2.9973,-4.3456,-5.6815,-5.9078,-4.9798,-3.0171,-1.0696,0.14976,1.3879,2.2118,2.6467
0.088058,-0.6759,-1.4939,-1.9959,-2.1057,-1.9851,-1.593,-1.1789,-0.60377,-0.077508,0.33891,0.57275,0.77897,0.84271,0.81131,0.69319,0.50428,0.32662,0.1112,-0.058594,-0.045525,0.068427,0.37193,0.72804,0.95255,1.1265,1.0881,0.85368,0.31207,-0.51115,-1.4424,-2.0915,-2.5132,-2.244,-1.731,-0.9486,-0.37997,-0.18342,-0.35876,-1.1172,-2.5254,-4.1285,-7.0673,-9.905,-9.6021,-6.7004,-4.1391,-2.5449,-1.8858,-1.6025,-1.9358,-2.5149,-3.5126,-4.1644,-3.9782,-2.756,-1.0987,0.41543,1.3195,2.2048,2.7603,2.9958,3.1183,3.1192,3.0565,3.0325,3.0486,3.1185,3.1964,3.286,3.3195,3.2873,3.1545,2.9326,2.6336,2.3672,1.9794,1.5315,1.1669,0.61113,-0.030046,-0.58461,-1.409,-2.3435,-3.4946,-4.2973,-5.8889,-7.535,-9.8368,-13.685,-20.038,-15.046,-10.568,-6.4377,-3.7173,-2.1067,-0.56298,0.63891,1.2397,1.8694,2.1755,2.2095,2.136,1.8262,1.4243,0.99235,0.47608,-0.075145,-0.29025,-0.49374,-0.36956,-0.14132,0.16482,0.47228,0.75682,0.81633,0.86626,0.76256,0.66108,0.60911,0.64103,0.77672,0.86407,0.92392,0.86897,0.53219,0.016554,-1.1469,-2.3728,-4.0093,-6.3321,-9.9984,-13.268,-18.993,-19.04,-15.282,-12.038,-9.4218,-7.148,-5.5519,-3.7085,-2.0216,-1.0936,-0.038467,0.6178,1.0383,1.1523,1.137,0.89784,0.63185,0.071829,-0.68175,-1.4598,-2.8302,-4.7447,-7.4286,-9.9117,-12.344,-10.525,-8.0595,-5.2591,-3.1731,-1.9595,-0.70534,0.21357,0.83763,1.1299,1.2778,1.1255,0.83832,0.16359,-0.82514,-2.0489,-2.995,-4.0761,-4.5786,-4.4491,-3.9076,-3.18,-2.6514,-2.0274,-1.4649,-1.0257,-0.75375,-0.51175,-0.43249,-0.44998,-0.62524,-0.90028,-1.1394,-1.4673,-1.6585,-1.6309,-1.4633,-1.0558,-0.5882,-0.26515,0.01084,0.021083,-0.26901
-2.1729,-3.6169,-5.6046,-7.3154,-8.0174,-7.8105,-6.7663,-5.8832,-4.7909,-3.9866,-3.425,-3.1606,-2.9297,-2.6899,-2.4433,-1.999,-1.3878,-0.86695,-0.13173,0.58902,1.2645,1.7333,2.2825,2.7617,3.0336,3.3107,3.4221,3.4303,3.3273,3.1347,2.9094,2.7524,2.5998,2.5214,2.5114,2.4931,2.422,2.2319,1.9966,1.5314,0.90784,0.37691,-0.27827,-0.7257,-0.85434,-0.79677,-0.66683,-0.64384,-0.87108,-1.5904,-3.0151,-4.7601,-8.6935,-16.79,-17.715,-8.9257,-4.5892,-2.0865,-0.90887,0.0025348,0.31689,0.22098,-0.24005,-0.97257,-1.6702,-1.9018,-1.577,-0.67934,0.14512,1.1999,2.0751,2.5768,3.0512,3.3325,3.4384,3.4231,3.2854,3.0477,2.799,2.3842,1.8505,1.3996,0.67896,-0.14766,-1.1747,-1.9675,-3.4197,-5.0933,-6.4157,-8.3625,-9.2428,-8.8376,-7.5036,-5.6709,-3.8222,-2.6778,-1.2523,-0.18414,0.57316,1.217,1.7341,1.8396,1.8075,1.3824,0.65339,-0.13606,-1.4793,-3.0447,-4.1782,-4.8781,-4.1622,-2.6239,-1.4481,-0.051596,1.0032,1.624,2.2037,2.593,2.8154,2.921,2.9584,2.9459,2.856,2.6701,2.2973,2.0318,1.3154,0.55859,-0.4122,-1.3151,-2.5462,-3.9331,-4.7074,-5.6055,-5.7085,-5.4882,-4.6781,-3.7647,-2.7359,-2.0948,-1.215,-0.64922,-0.31955,-0.16892,-0.2707,-0.61059,-1.0549,-1.6631,-2.3006,-2.6144,-2.845,-2.8792,-2.8877,-2.9422,-3.1689,-3.4181,-3.5722,-3.5634,-3.1882,-2.7304,-1.9421,-1.1641,-0.64341,-0.084137,0.30305,0.49521,0.50665,0.31211,-0.14175,-0.71555,-1.8374,-3.5443,-6.1588,-9.1513,-16.242,-20.444,-12.826,-7.7884,-4.8764,-3.4194,-2.0821,-1.2146,-0.67503,-0.45669,-0.36418,-0.44108,-0.5805,-0.84171,-1.1359,-1.362,-1.6111,-1.7552,-1.8056,-1.7763,-1.6718,-1.55,-1.5067,-1.5386,-1.756,-2.2396
-4.7865,-7.0691,-11.259,-18.619,-30.123,-17.974,-12.646,-10.437,-8.7249,-7.8318,-7.6302,-7.8769,-8.647,-9.5187,-9.668,-8.4695,-6.2153,-4.435,-2.3349,-0.5654,0.84115,1.7285,2.6941,3.4399,3.8886,4.3274,4.6257,4.7759,4.8724,4.8912,4.83,4.762,4.6372,4.4901,4.3691,4.1897,3.9905,3.7578,3.5664,3.31,3.0406,2.8544,2.6314,2.4499,2.3414,2.2095,2.0303,1.7467,1.4375,0.82961,0.028184,-0.69788,-1.6746,-2.334,-2.4326,-2.0107,-1.2823,-0.63959,-0.33453,-0.29766,-0.7618,-1.5042,-3.1916,-6.0687,-11.4,-19.69,-13.373,-6.6168,-3.7473,-1.1946,0.50418,1.4078,2.2663,2.8028,3.1009,3.2014,3.2,3.0834,2.9272,2.648,2.298,1.9771,1.4911,0.9002,0.30348,-0.36688,-1.0651,-2.0176,-2.6326,-3.4867,-4.2302,-4.5712,-4.7604,-4.6601,-4.2273,-3.6937,-2.6318,-1.4962,-0.57285,0.39518,1.134,1.584,1.5949,1.3293,0.47057,-0.49006,-2.6197,-5.9727,-10.22,-17.936,-9.9765,-4.7521,-2.3592,-0.14894,1.301,2.1061,2.81,3.2769,3.5272,3.6159,3.6276,3.5141,3.3929,3.1353,2.7639,2.4911,1.9483,1.5006,0.7982,0.45684,-0.15537,-0.59158,-0.84245,-1.0365,-0.98205,-0.89561,-0.57842,-0.20847,0.12608,0.37003,0.51578,0.45187,0.26742,-0.31034,-1.2288,-2.7114,-4.1533,-6.8139,-9.8254,-11.188,-9.6469,-7.0329,-5.3844,-3.7933,-2.6895,-1.9292,-1.5242,-1.1167,-0.8051,-0.61211,-0.42152,-0.29422,-0.26721,-0.29744,-0.4056,-0.56382,-0.71812,-0.96816,-1.2951,-1.6488,-2.2822,-3.17,-4.342,-5.3304,-6.4068,-6.5411,-5.8351,-4.3879,-2.9745,-2.1234,-1.2863,-0.8285,-0.68757,-0.78254,-1.124,-1.6653,-2.196,-2.9568,-3.7314,-4.2397,-4.721,-4.9861,-5.0047,-4.8785,-4.6304,-4.3285,-4.1202,-3.9153,-3.8297,-3.9464
-4.8204,-6.2296,-8.132,-9.8129,-10.654,-10.871,-10.461,-9.9318,-9.394,-9.1614,-9.5037,-10.234,-12.189,-16.23,-20.572,-15.971,-9.7514,-6.6019,-3.5159,-1.2568,0.48547,1.5131,2.6184,3.4547,3.9515,4.4422,4.7997,4.9684,5.104,5.1382,5.0911,5.0034,4.8303,4.6024,4.3933,4.0957,3.7866,3.504,3.3196,3.1432,3.0691,3.0767,3.1452,3.2571,3.3456,3.4442,3.5023,3.4636,3.3849,3.1937,2.9152,2.6892,2.3866,2.1164,1.954,1.8135,1.6989,1.5392,1.3419,0.92554,0.28385,-0.37484,-1.5223,-2.9106,-4.2386,-4.8009,-4.4054,-3.0872,-1.9449,-0.56832,0.48729,1.0859,1.6336,1.9496,2.0838,2.0882,2.0096,1.8428,1.6962,1.4805,1.278,1.1213,0.92699,0.71894,0.43626,0.24273,-0.21251,-0.62886,-1.2299,-1.951,-3.0754,-4.4526,-5.8441,-8.0296,-10.234,-9.9763,-7.307,-4.0549,-2.2268,-0.15118,1.1722,2.1304,2.4979,2.6748,2.4978,2.0808,1.3656,0.46246,-0.081866,-0.4251,-0.12592,0.68396,1.3463,2.1693,2.7906,3.0924,3.3369,3.3887,3.3268,3.2059,3.0125,2.7648,2.5645,2.2542,1.9507,1.5699,1.2192,0.68886,0.20746,-0.071436,-0.38049,-0.40459,-0.38761,-0.068747,0.27424,0.64768,1.0538,1.4536,1.7148,1.8432,1.7784,1.5604,1.1671,0.41259,-0.73717,-2.3656,-3.9243,-6.6956,-9.8454,-11.208,-9.5363,-6.6222,-4.8476,-3.0454,-1.7577,-0.90116,-0.45586,-0.090629,0.028734,-0.013359,-0.26732,-0.71663,-1.1679,-1.8987,-2.6971,-3.3958,-3.7249,-3.7827,-3.4739,-3.0775,-2.562,-2.1327,-1.8132,-1.6234,-1.373,-1.0594,-0.78698,-0.36651,-0.019743,0.14718,0.19252,-0.016061,-0.53284,-1.1223,-2.2048,-3.6515,-4.9682,-6.9778,-9.1085,-10.565,-11.884,-12.206,-11.668,-10.954,-9.8108,-8.6621,-7.8605,-7.035,-6.5141,-6.268
-4.4496,-5.3562,-6.7146,-8.0561,-8.9572,-9.7457,-9.9095,-9.7375,-9.0745,-8.4222,-7.8809,-7.6357,-7.4713,-7.243,-6.8594,-5.8132,-4.3258,-3.0735,-1.4776,-0.049687,1.1624,1.9138,2.7255,3.367,3.7215,4.0895,4.3151,4.4097,4.459,4.4163,4.3054,4.1584,3.8811,3.4914,3.1231,2.5336,1.8681,1.2338,0.86732,0.62652,0.77871,1.1097,1.7443,2.4492,2.9524,3.5348,3.9975,4.3385,4.4991,4.6228,4.627,4.5722,4.431,4.2194,4.0331,3.7331,3.3881,3.0144,2.7071,2.2854,1.856,1.5294,1.1302,0.77245,0.54583,0.47111,0.51297,0.70504,0.88394,1.0912,1.2141,1.2196,1.0885,0.83934,0.48793,0.17822,-0.2676,-0.71092,-1.0108,-1.3153,-1.4641,-1.411,-1.1828,-0.78354,-0.42261,-0.069401,0.1029,0.11784,0.039261,-0.46722,-1.193,-2.5337,-3.911,-6.3731,-9.0545,-9.0038,-5.8287,-2.4427,-0.48839,1.6159,3.119,4.1605,4.7573,5.2178,5.4753,5.514,5.4619,5.3334,5.2032,5.0928,5.0049,4.9481,4.891,4.7365,4.4678,4.1422,3.5946,2.8899,2.1256,1.58,0.95965,0.58185,0.37766,0.20551,0.011828,-0.27748,-0.75591,-1.6534,-2.4308,-3.2782,-3.7746,-3.68,-2.9751,-1.7224,-0.36858,0.56782,1.5897,2.3537,2.8913,3.0772,3.1753,3.0048,2.703,2.1403,1.3358,0.42458,-0.33752,-1.2516,-1.8958,-2.1446,-2.0123,-1.5261,-1.0166,-0.31002,0.29398,0.73966,0.93232,0.98212,0.78474,0.4504,-0.23516,-1.2703,-2.3056,-4.157,-6.7344,-10.288,-13.004,-12.157,-8.2091,-5.7355,-3.2676,-1.4908,-0.18424,0.57141,1.3473,1.9174,2.2167,2.4519,2.4995,2.404,2.047,1.4205,0.46286,-0.5068,-2.2283,-4.4973,-6.6906,-10.539,-16.095,-22.689,-37,-25.55,-22.199,-20.106,-16.486,-13.128,-11.201,-9.3522,-8.3218,-7.9755
-3.6564,-4.5013,-6.1869,-8.6714,-11.25,-15.906,-16.953,-13.631,-9.7932,-7.1801,-5.3651,-4.3648,-3.3357,-2.4756,-1.8948,-1.1408,-0.38682,0.17443,0.90364,1.5709,2.1354,2.5021,2.8832,3.1356,3.239,3.2812,3.2129,3.1422,3.0129,2.8984,2.773,2.6635,2.419,1.977,1.4654,0.4224,-1.127,-3.3193,-5.2783,-7.1018,-5.8082,-3.7087,-1.1196,0.88,2.0483,3.256,4.1365,4.7915,5.1464,5.4705,5.6548,5.6832,5.5937,5.3669,5.1004,4.6113,4.0081,3.343,2.8686,2.3509,2.0502,1.9994,2.1133,2.3533,2.5931,2.7473,2.8458,2.8031,2.6599,2.2889,1.714,1.1323,0.20951,-0.85129,-1.9621,-2.7732,-3.8318,-4.853,-5.6846,-6.7829,-7.4728,-7.2369,-5.8214,-3.8445,-1.8981,-0.78477,0.5767,1.3968,1.9472,2.2665,2.3765,2.2988,2.1603,1.9966,2.0321,2.3354,2.9974,3.9917,4.7646,5.7359,6.6554,7.3309,7.7831,8.2243,8.5105,8.6899,8.7859,8.817,8.777,8.644,8.4256,8.0554,7.6873,7.0098,6.0724,5.1954,3.6578,1.723,-0.65757,-2.5954,-4.5669,-4.7062,-3.8585,-2.6414,-1.987,-1.6626,-2.1886,-3.2368,-5.3406,-8.3419,-15.894,-16.729,-9.1622,-3.8745,-0.65243,0.99519,2.6725,3.7949,4.5183,4.8284,4.9932,4.8267,4.58,4.02,3.3081,2.508,1.9048,1.2277,0.77835,0.66728,0.78751,1.146,1.5099,1.9912,2.3886,2.6298,2.6646,2.4946,2.0769,1.5863,0.70687,-0.45788,-1.526,-3.2571,-5.3429,-7.6459,-8.8883,-8.1955,-5.53,-3.4412,-1.0551,0.85891,2.3446,3.2171,4.1183,4.7323,5.0405,5.227,5.1923,5.0109,4.5581,3.8273,2.8137,1.8322,0.20936,-1.8548,-3.6824,-6.6165,-9.9984,-12.701,-16.145,-19.332,-22.765,-21.801,-16.233,-11.927,-9.6567,-7.5986,-6.3933,-6.0024
-0.82117,-1.322,-2.4572,-4.1606,-5.7609,-7.739,-8.013,-6.9076,-4.8125,-2.9287,-1.4767,-0.67103,0.17261,0.77938,1.1206,1.4437,1.679,1.7981,1.9293,2.0233,2.0873,2.1319,2.1388,2.0037,1.8207,1.3596,0.71642,0.18399,-0.48578,-0.73804,-0.48875,-0.063986,0.49588,0.77428,0.68328,0.03995,-1.2929,-3.5471,-5.8313,-8.2858,-6.512,-3.9457,-1.1046,0.93043,2.0619,3.2098,4.0591,4.7123,5.115,5.5368,5.8527,5.9826,5.9867,5.7637,5.3978,4.6219,3.4418,1.8069,0.33114,-1.5673,-2.1164,-1.2501,0.55648,2.2242,3.3951,3.981,4.3751,4.3412,4.043,3.2712,2.0383,0.77431,-1.3738,-4.0699,-6.9581,-8.5871,-9.4393,-9.702,-10.34,-12.749,-19.235,-22.512,-11.618,-5.9956,-2.317,-0.48539,1.722,3.1545,4.111,5.059,5.7275,6.2963,6.6295,7.0089,7.4007,7.6903,8.0827,8.5077,8.8168,9.1804,9.5619,9.8431,10.046,10.31,10.521,10.709,10.88,11.019,11.073,11.016,10.837,10.449,10.013,9.1983,8.0346,6.9349,5.0092,2.4261,-1.1283,-4.8558,-10.737,-8.873,-5.6169,-2.8621,-1.3763,-0.6278,-0.55116,-0.60979,-1.2566,-1.9811,-2.377,-1.9431,-0.8992,1.0415,2.8083,3.9698,5.2311,6.1291,6.683,6.9291,6.9403,6.6405,6.2531,5.3947,4.2472,2.7707,1.4914,-0.18644,-1.301,-1.2216,-0.19999,1.2284,2.2142,3.2575,3.9543,4.2791,4.2923,4.0323,3.4349,2.8087,1.731,0.49713,-0.42096,-1.4604,-2.096,-2.1817,-1.8398,-0.93089,0.37085,1.4772,2.9409,4.2898,5.4504,6.1681,6.9128,7.4223,7.6581,7.7775,7.6888,7.4837,7.0511,6.4259,5.6116,4.8834,3.7733,2.4485,1.3846,-0.15079,-1.7067,-2.8734,-4.193,-5.1426,-5.5142,-5.3881,-4.6963,-3.6747,-2.8821,-1.9772,-1.2927,-0.95062
2.228,2.1479,1.8329,1.3854,1.0562,0.69381,0.56178,0.60746,0.86022,1.1837,1.4572,1.6102,1.7109,1.6259,1.4823,1.139,0.64971,0.20496,-0.43262,-1.0286,-1.3566,-1.4562,-1.4171,-1.3945,-1.542,-2.241,-3.6788,-5.657,-10.207,-16.162,-9.4683,-5.5285,-2.2954,-0.39744,0.41205,0.92646,0.93774,0.65914,0.39444,0.20535,0.25061,0.4496,0.8323,1.1767,1.3548,1.515,1.6608,1.8914,2.2329,2.8304,3.4996,3.9861,4.48,4.665,4.5411,3.9781,2.7831,0.73227,-1.625,-6.383,-8.6382,-4.7126,-0.36997,2.3448,4.0178,4.7653,5.2539,5.1963,4.8272,3.8948,2.3792,0.82865,-1.9862,-6.0093,-12.042,-16.949,-13.888,-10.373,-8.9921,-7.9638,-7.1797,-6.3056,-4.68,-2.6988,-0.58855,0.66531,2.4568,3.8989,4.7584,5.9076,6.765,7.5331,8.0142,8.551,8.9896,9.2198,9.4694,9.5442,9.5648,9.4572,9.2319,9.0633,8.8847,8.871,9.0618,9.3095,9.811,10.295,10.634,10.936,11.029,10.909,10.637,10.038,9.164,8.2857,6.9097,5.2928,3.5249,2.2989,0.96325,0.21309,0.090982,0.1679,0.62249,0.71227,1.2143,1.6146,1.793,2.2071,2.6218,3.2127,3.8313,4.6022,5.4615,6.0489,6.7129,7.2208,7.5079,7.6096,7.4619,7.0975,6.5981,5.5981,4.1506,1.9973,-0.33707,-5.1855,-15.836,-11.57,-3.6097,0.24831,2.0517,3.635,4.5272,4.8735,4.8335,4.3797,3.4679,2.483,0.65912,-1.6931,-3.8797,-6.718,-7.2023,-4.8199,-2.7071,-0.28204,1.7531,3.0437,4.5394,5.7692,6.749,7.3244,7.8793,8.2105,8.3027,8.265,8.0312,7.7565,7.2893,6.753,6.164,5.7019,5.0602,4.4217,3.9265,3.2649,2.6307,2.2148,1.7264,1.3681,1.213,1.2189,1.3959,1.68,1.9259,2.2544,2.5068,2.6878
3.4597,3.6104,3.674,3.5978,3.4741,3.239,2.9408,2.725,2.3855,1.9977,1.5603,1.2109,0.64088,-0.029131,-0.65143,-1.6598,-3.0171,-4.322,-6.6422,-9.5876,-11.811,-11.101,-8.4203,-6.1474,-5.1146,-4.3841,-4.4868,-4.9765,-5.8353,-5.9716,-4.6849,-3.1944,-1.3053,0.15225,0.93626,1.5977,1.8841,1.9096,1.7757,1.4574,1.0229,0.61695,-0.09099,-1.0311,-1.9304,-3.4845,-5.3571,-6.7758,-6.5806,-4.4653,-1.9174,-0.2548,1.4677,2.6663,3.2629,3.6441,3.6461,3.3581,3.0621,2.7546,2.8532,3.2516,4.0349,4.8608,5.5161,5.8259,5.9453,5.7323,5.3419,4.5141,3.3511,2.2566,0.57181,-1.2598,-2.9745,-3.9533,-4.7199,-4.9494,-4.9218,-4.7067,-4.2734,-3.7902,-2.9814,-1.9851,-0.83015,0.082513,1.1385,2.4158,3.1116,4.1526,5.1422,5.9579,6.5412,7.1906,7.6514,7.8932,8.0035,7.8536,7.5257,6.825,5.6851,4.1754,2.9736,1.67,1.9669,3.0713,4.9977,6.6724,7.662,8.6641,9.2616,9.5296,9.5248,9.2477,8.703,8.1137,7.104,5.9026,4.5512,3.4698,2.0275,0.6423,-0.27369,-1.0799,-1.412,-1.2184,-0.4948,0.18358,1.19,1.8439,2.6098,3.3911,3.8705,4.4817,5.0499,5.3937,5.773,6.0567,6.2411,6.2426,6.1981,5.9876,5.6714,5.1517,4.3884,3.4104,2.6572,1.6568,1.1212,1.2699,2.0247,3.0628,3.7917,4.5189,4.9185,4.9635,4.744,4.0924,3.0433,1.9337,0.037445,-2.5208,-4.9554,-8.4374,-8.904,-5.6849,-3.235,-0.54329,1.5504,2.8213,4.2142,5.299,6.0911,6.5054,6.8239,6.8691,6.7344,6.3359,5.7353,5.1916,4.4029,3.6695,3.139,2.9019,2.775,2.8105,2.8439,2.89,2.8845,2.8674,2.8081,2.7665,2.748,2.7803,2.8695,3.0087,3.1394,3.324,3.4681,3.5592
3.5968,3.9378,4.1972,4.2237,4.0862,3.7392,3.1976,2.676,1.8295,0.8604,-0.17514,-0.98595,-2.0263,-2.9623,-3.666,-4.6583,-5.8599,-7.028,-9.1642,-11.874,-13.805,-12.807,-9.5817,-6.7775,-5.17,-3.59,-2.5191,-1.882,-1.1945,-0.54567,0.16739,0.72422,1.4219,1.9806,2.2751,2.468,2.435,2.1568,1.8081,1.1372,0.28275,-0.49892,-1.7579,-3.3035,-4.699,-7.045,-10.386,-14.547,-14.35,-9.3057,-5.0982,-2.6751,-0.21121,1.6389,2.7171,3.7988,4.5816,5.1348,5.4395,5.7836,6.0933,6.3177,6.6008,6.8151,6.9231,6.9158,6.7458,6.3907,5.9913,5.2813,4.4027,3.6401,2.4993,1.2859,0.055766,-0.85682,-2.0459,-3.1601,-3.9284,-4.8229,-5.4151,-5.5719,-5.2347,-4.4688,-3.5978,-2.6865,-1.8855,-0.99248,-0.26281,0.59345,1.6754,2.7766,3.608,4.5964,5.393,5.8205,6.066,5.9881,5.6099,4.6276,3.068,0.43366,-2.6774,-9.0043,-7.8728,-3.0249,1.1916,3.9058,5.2756,6.6343,7.5326,8.0301,8.1986,8.1579,7.8047,7.3779,6.5397,5.3899,3.9352,2.601,0.39398,-2.4,-5.1395,-9.564,-12.091,-9.0131,-5.7158,-2.9429,-1.0856,-0.19346,0.93295,1.6662,2.0916,2.6041,2.9005,3.1074,3.2971,3.4179,3.5119,3.5595,3.6669,3.7235,3.8049,3.895,3.9542,4.0205,4.0753,4.1784,4.378,4.5839,4.9111,5.255,5.4696,5.6376,5.6189,5.3636,4.9956,4.285,3.3255,2.4678,1.2022,-0.088137,-0.94273,-1.7098,-1.8635,-1.3545,-0.64754,0.5128,1.7308,2.6264,3.6507,4.4592,5.0252,5.2658,5.3305,5.0642,4.6442,3.7224,2.3794,1.0518,-1.1182,-3.4394,-4.6884,-4.2388,-2.6424,-1.1201,-0.20188,0.66253,1.1937,1.4004,1.5438,1.5761,1.5512,1.5396,1.5711,1.7177,1.9019,2.2123,2.5713,2.864
3.4555,3.9415,4.2834,4.2998,4.106,3.5621,2.6961,1.7989,0.29088,-1.5909,-3.8361,-5.622,-7.6637,-8.7149,-8.7223,-8.3441,-7.9613,-7.8104,-7.6675,-7.4747,-7.0137,-6.3988,-5.2729,-3.9005,-2.8511,-1.5791,-0.40779,0.34739,1.2146,1.9326,2.504,2.8392,3.1572,3.3008,3.2742,3.0535,2.6096,1.922,1.2669,0.18689,-1.1257,-2.2274,-3.8018,-5.4061,-6.5146,-7.6661,-8.1521,-7.9043,-7.1816,-5.5463,-3.5264,-1.9966,-0.033551,1.6797,2.7891,4.052,5.0661,5.8643,6.3392,6.8362,7.1842,7.3573,7.4897,7.5029,7.3916,7.221,6.8922,6.4306,6.0099,5.3532,4.5816,3.9421,2.9991,1.9474,0.75318,-0.27038,-1.8397,-3.7959,-5.5966,-8.6598,-12.685,-15,-13.173,-9.8429,-7.723,-6.694,-5.9577,-6.3082,-6.222,-6.149,-4.7336,-2.2594,-0.54207,1.5387,3.1192,3.9622,4.7224,5.0211,5.0122,4.6289,3.8965,3.0135,2.3016,1.636,1.6329,2.0464,2.9125,3.9234,4.6499,5.4873,6.1869,6.6847,6.9113,7.0137,6.8556,6.5513,5.9169,4.9706,3.6862,2.4876,0.52916,-1.9323,-4.0482,-6.7819,-8.0726,-7.3916,-5.2837,-3.6706,-2.5824,-1.7765,-1.2018,-0.85842,-0.63788,-0.57108,-0.5918,-0.65361,-0.79266,-0.98312,-1.1847,-1.1495,-1.076,-0.63954,-0.0859,0.72226,1.6705,2.6072,3.2193,4.0223,4.7094,5.1362,5.6231,5.9615,6.1107,6.158,5.9895,5.5838,5.1252,4.3075,3.2349,2.2966,0.88946,-0.58201,-1.6012,-2.6292,-2.9407,-2.4565,-1.7217,-0.50269,0.75071,1.6098,2.5985,3.3563,3.8558,4.0475,4.0306,3.6884,3.177,2.1247,0.47872,-1.2351,-4.4663,-9.3076,-13.406,-10.433,-6.1061,-3.5173,-2.283,-1.2859,-0.81478,-0.73714,-0.9075,-1.3394,-1.8918,-2.3143,-2.6659,-2.5686,-2.1465,-1.2216,-0.12273,0.91916
3.4875,3.9563,4.2624,4.2233,3.9737,3.3028,2.2299,1.1226,-0.8184,-3.481,-7.1777,-11.185,-20.902,-22.418,-15.955,-12.22,-10.393,-9.5344,-8.6374,-7.7988,-6.7746,-5.8325,-4.4408,-3.0117,-1.9561,-0.61479,0.5963,1.3677,2.2561,2.9525,3.4415,3.6724,3.7879,3.6795,3.4426,2.9073,2.0978,1.0249,0.019653,-1.5601,-3.4629,-5.1161,-7.643,-10.562,-12.942,-15.172,-14.041,-11.083,-8.8885,-6.2029,-3.7974,-2.1985,-0.29663,1.3785,2.4608,3.7076,4.7238,5.5294,6.0077,6.4715,6.7629,6.8711,6.8673,6.7144,6.4152,6.0966,5.5718,4.9524,4.451,3.7675,3.0784,2.5617,1.8854,1.1475,0.28941,-0.47981,-1.7376,-3.3912,-4.9571,-7.5143,-10.35,-11.799,-11.123,-9.201,-7.7252,-7.5178,-7.7447,-9.347,-12.589,-20.133,-13.182,-6.3749,-3.1963,-0.21629,1.8247,2.9439,3.9804,4.5499,4.7535,4.7933,4.5233,4.0679,3.7533,3.2135,2.7253,2.5107,2.3225,2.3703,2.6584,3.1721,3.8272,4.5085,4.9219,5.3,5.4554,5.3772,5.0347,4.4454,3.6029,2.8038,1.621,0.35137,-0.60803,-1.7181,-2.6219,-2.8381,-3.211,-3.5009,-3.5616,-3.7365,-4.1729,-4.5151,-4.8795,-5.4285,-5.7864,-6.1837,-6.8174,-7.67,-8.868,-9.9249,-10.767,-9.5748,-7.8264,-5.0621,-2.6285,-0.59251,0.73526,2.2153,3.4139,4.16,4.9302,5.4602,5.6988,5.7938,5.6301,5.1979,4.6926,3.7359,2.4352,1.1895,-0.90475,-3.7286,-6.5335,-11.716,-14.559,-9.5867,-6.4515,-3.5015,-1.4293,-0.28054,0.89344,1.7374,2.2889,2.5372,2.6485,2.5172,2.2423,1.6566,0.82481,0.061554,-1.0372,-2.0423,-2.6643,-2.7652,-2.5874,-2.29,-2.1737,-2.2083,-2.5534,-2.999,-3.9577,-5.3459,-7.3262,-9.3534,-13.033,-15.038,-12.074,-7.5103,-4.1749,-1.7446
3.5591,3.9211,4.1686,4.1271,3.8894,3.3056,2.3839,1.4636,-0.081506,-1.9852,-4.2,-5.9554,-8.0421,-9.4805,-10.097,-10.68,-11.414,-12.077,-12.881,-12.567,-10.791,-8.9509,-6.4676,-4.2396,-2.7533,-1.0388,0.37278,1.2725,2.2394,2.9482,3.4142,3.5907,3.59,3.3133,2.9237,2.1437,1.0571,-0.34625,-1.6368,-3.6154,-5.9383,-7.9338,-10.856,-14.19,-17.059,-20.065,-17.627,-13.214,-10.448,-7.3207,-4.7744,-3.1403,-1.2494,0.34227,1.3616,2.5171,3.4419,4.1523,4.551,4.9114,5.0828,5.0912,4.9291,4.564,3.9962,3.4418,2.5227,1.47,0.64022,-0.37363,-1.0711,-1.3245,-1.3766,-1.273,-1.2117,-1.2685,-1.5516,-2.0143,-2.4792,-3.1674,-3.7688,-4.0773,-4.2426,-4.2126,-4.0653,-4.0644,-4.2941,-4.4404,-4.4238,-4.306,-3.3842,-1.8653,-0.64415,0.84904,2.1503,2.9129,3.6511,4.1296,4.2689,4.242,3.9982,3.4607,2.8583,1.8752,0.5522,-0.69804,-2.4821,-3.9144,-4.0555,-2.6465,-0.69222,1.0403,2.063,3.0148,3.553,3.7309,3.6581,3.2945,2.6884,2.1145,1.1943,0.18878,-0.57391,-1.645,-2.5745,-3.2433,-4.2722,-5.1157,-6.0501,-7.162,-8.5433,-10.229,-11.755,-13.046,-13.526,-13.378,-13.193,-13.734,-15.218,-17.69,-22.652,-19.551,-14.516,-9.9818,-6.5884,-3.8514,-2.1188,-0.19754,1.423,2.4175,3.4623,4.211,4.5723,4.7882,4.718,4.3641,3.9002,3.0164,1.8307,0.73063,-1.0875,-3.2579,-5.1147,-7.4806,-8.4005,-7.234,-5.8083,-4.077,-2.6912,-1.87,-1.0384,-0.43878,0.0028789,0.24951,0.50241,0.64518,0.69389,0.63727,0.4985,0.30957,-0.011992,-0.37091,-0.74663,-1.0402,-1.4821,-2.0033,-2.4896,-3.3297,-4.413,-5.3848,-6.8263,-8.3955,-10.063,-11.367,-13.018,-13.089,-11.373,-8.0999,-5.0957,-2.7025
3.2326,3.5529,3.8202,3.8744,3.7593,3.4029,2.7948,2.1865,1.1586,-0.073894,-1.4733,-2.5759,-4.1316,-5.7472,-7.0245,-8.9866,-11.515,-14.172,-20.012,-25.523,-16.412,-12.149,-8.2726,-5.4058,-3.6875,-1.7681,-0.22011,0.74855,1.7646,2.4993,2.946,3.0936,3.04,2.6844,2.2119,1.2935,0.034666,-1.6096,-3.0968,-5.5145,-8.4089,-10.843,-14.176,-16.508,-16.794,-15.607,-13.58,-11.242,-9.492,-7.3186,-5.3312,-4.0035,-2.4462,-1.1323,-0.27632,0.66096,1.402,1.9487,2.2339,2.465,2.5101,2.4211,2.1405,1.6321,0.84223,0.034637,-1.4287,-3.4767,-5.5206,-9.0163,-11.775,-10.73,-7.6,-5.096,-3.4285,-2.5987,-1.9019,-1.545,-1.4331,-1.422,-1.4824,-1.5165,-1.5538,-1.5411,-1.5226,-1.3578,-1.227,-1.0977,-0.83224,-0.41167,0.094408,0.70394,1.2138,1.875,2.4506,2.7986,3.1554,3.3642,3.4005,3.2464,2.9098,2.3598,1.6818,0.46532,-1.2501,-3.1003,-6.8476,-12.89,-14.288,-7.927,-3.7103,-1.1189,0.21451,1.3606,1.9511,2.1261,2.0425,1.6224,0.93644,0.29397,-0.74081,-1.9283,-2.859,-4.1199,-5.2504,-6.3003,-7.2827,-8.1441,-9.4256,-10.624,-12.474,-15.578,-19.751,-31.208,-25.872,-19.784,-16.335,-14.822,-14.27,-14.236,-13.997,-13.444,-12.783,-11.114,-8.9619,-6.5787,-4.7541,-2.5014,-0.58596,0.61233,1.901,2.8129,3.2677,3.5915,3.5986,3.3111,2.9157,2.1934,1.2738,0.48206,-0.6363,-1.7457,-2.5103,-3.3125,-3.7973,-3.9648,-3.9367,-3.7931,-3.6864,-3.6669,-3.714,-3.798,-3.782,-3.6428,-3.2535,-2.6945,-2.2333,-1.6666,-1.2463,-1.0251,-0.88527,-0.90985,-1.1014,-1.3796,-1.9077,-2.7076,-3.4825,-4.8591,-6.6863,-8.4168,-11.109,-13.701,-14.368,-13.372,-11.234,-9.1308,-7.5705,-5.5567,-3.7195,-2.0742
2.1635,2.5801,3.0181,3.2924,3.3821,3.3036,3.0086,2.6443,1.9729,1.106,0.077992,-0.80518,-2.099,-3.5384,-4.6822,-6.2867,-7.918,-9.0699,-10.226,-10.496,-9.7542,-8.7112,-6.9653,-5.1277,-3.7883,-2.1143,-0.65209,0.27789,1.2966,2.0413,2.492,2.6459,2.5964,2.2522,1.7877,0.89233,-0.34719,-1.9641,-3.4461,-5.9089,-9.0048,-11.995,-17.484,-23.771,-21.171,-16.114,-12.855,-10.483,-9.0241,-7.4042,-6.0301,-5.0751,-3.9738,-3.0097,-2.3878,-1.7265,-1.2284,-0.90211,-0.76423,-0.71109,-0.77339,-0.88924,-1.1235,-1.4668,-1.9901,-2.5683,-3.6581,-5.277,-6.9161,-9.6141,-11.394,-10.504,-7.8153,-5.406,-3.6769,-2.7617,-1.9192,-1.455,-1.271,-1.1742,-1.1881,-1.2272,-1.2471,-1.1846,-1.0512,-0.89985,-0.54907,-0.23488,-0.035778,0.38363,0.73618,1.0382,1.2662,1.5262,1.6973,1.8081,1.894,1.8807,1.8673,1.7833,1.5615,1.2459,0.9991,0.44691,-0.27955,-0.85958,-1.6069,-2.0867,-2.1097,-1.5415,-0.64913,0.2205,0.71877,1.1534,1.2606,1.0992,0.62499,-0.14098,-1.1846,-2.1723,-3.6762,-5.3916,-6.8672,-8.8318,-10.802,-12.103,-12.575,-12.738,-12.744,-12.367,-12.575,-13.286,-13.702,-14.02,-13.822,-13.402,-12.454,-11.859,-11.777,-11.973,-12.747,-14.506,-16.486,-18.701,-15.596,-10.548,-7.4462,-4.2723,-1.8838,-0.46993,0.93614,1.8899,2.3444,2.6257,2.5563,2.1642,1.6923,0.85497,-0.15663,-0.97175,-1.9837,-2.8606,-3.3543,-3.794,-4.0784,-4.2999,-4.512,-4.9161,-5.5935,-6.3638,-7.785,-9.6329,-11.425,-11.757,-10.285,-7.9834,-6.4666,-4.8247,-3.6791,-3.0535,-2.4933,-2.2151,-2.1776,-2.2893,-2.6476,-3.2762,-3.9652,-5.2411,-7.0449,-8.8967,-12.339,-16.85,-17.44,-14.065,-10.116,-7.301,-5.6444,-3.868,-2.4289,-1.287
0.19768,0.9916,1.9097,2.6073,2.9756,3.2241,3.2285,3.0615,2.6416,2.0055,1.1707,0.41033,-0.71617,-2.004,-3.0325,-4.4614,-5.8959,-6.9336,-8.1367,-8.9067,-8.9896,-8.5471,-7.3183,-5.6074,-4.2275,-2.4692,-0.89927,0.11316,1.212,2.0062,2.511,2.7002,2.6873,2.3999,1.9983,1.2313,0.20666,-1.0737,-2.1655,-3.8197,-5.6101,-6.9584,-8.5755,-9.6183,-9.9234,-9.7877,-9.2987,-8.7206,-8.266,-7.6817,-7.1497,-6.6662,-6.0225,-5.3421,-4.8857,-4.3741,-4.0829,-4.0693,-4.2299,-4.6064,-5.0144,-5.2287,-5.2539,-4.9693,-4.5271,-4.2502,-4.0172,-3.9672,-3.9966,-4.0425,-3.9072,-3.6011,-3.0061,-2.3107,-1.7041,-1.3552,-1.1046,-1.1282,-1.3059,-1.7083,-2.2473,-2.6651,-3.04,-3.1039,-2.7879,-2.434,-1.6994,-1.0446,-0.72164,-0.23862,0.06099,0.18408,0.19135,0.1061,-0.070409,-0.21367,-0.42677,-0.64629,-0.70952,-0.67263,-0.59323,-0.43416,-0.14532,0.16061,0.40498,0.62112,0.91365,1.1739,1.3377,1.6338,1.8939,2.0323,1.9947,1.794,1.3375,0.78629,-0.19925,-1.4712,-3.0196,-4.4139,-6.4794,-8.8615,-10.991,-14.4,-19.407,-29.047,-26.199,-18.998,-14.796,-12.579,-11,-9.9372,-9.1276,-8.3776,-7.8326,-7.5345,-7.1637,-7.0309,-7.2234,-7.5471,-8.4239,-9.9157,-11.245,-12.227,-10.568,-7.4358,-5.204,-2.7357,-0.80452,0.32615,1.431,2.1503,2.4443,2.4984,2.187,1.4943,0.72036,-0.67897,-2.505,-4.082,-6.1887,-7.5808,-7.7337,-7.0821,-6.2361,-5.6528,-5.492,-5.7024,-6.4113,-7.3468,-9.309,-12.372,-16.99,-18.944,-14.597,-10.495,-8.3711,-6.406,-5.1091,-4.4429,-3.8505,-3.5012,-3.3091,-3.2099,-3.207,-3.2888,-3.4679,-3.8318,-4.3594,-4.8619,-5.4769,-5.8306,-5.699,-5.252,-4.309,-3.2486,-2.4977,-1.6067,-0.86774,-0.34537
-2.6614,-0.89003,0.89142,2.1373,2.7769,3.3129,3.5257,3.4856,3.2073,2.6723,1.8929,1.1802,0.045125,-1.2505,-2.3618,-4.0056,-5.8548,-7.4525,-9.9972,-13.43,-17.386,-16.745,-11.865,-7.7387,-5.3302,-2.8086,-0.81951,0.34659,1.5612,2.3999,2.9242,3.1043,3.0937,2.8042,2.4292,1.7356,0.86003,-0.15813,-0.96522,-2.0734,-3.1717,-3.9198,-4.8442,-5.6124,-6.0931,-6.6611,-7.2373,-7.9739,-8.6188,-9.5703,-10.349,-10.604,-10.001,-8.7924,-7.8916,-6.941,-6.5392,-6.8091,-7.4939,-9.2133,-11.992,-14.34,-14.306,-10.745,-7.6568,-5.9252,-4.2766,-3.0655,-2.3839,-1.6428,-1.0664,-0.68372,-0.24669,0.073971,0.24287,0.23211,-0.033914,-0.62576,-1.3457,-2.7291,-4.6873,-6.572,-9.2843,-10.109,-7.9523,-6.2246,-4.1611,-2.5919,-1.8914,-1.3931,-1.1536,-1.2485,-1.5823,-2.2507,-3.0737,-3.7409,-4.6561,-5.3656,-5.7509,-5.7647,-5.1378,-4.0859,-3.0836,-1.571,-0.1834,0.69591,1.7354,2.5505,3.002,3.3994,3.5757,3.5044,3.2625,2.6814,1.788,0.90882,-0.5933,-2.4482,-4.6504,-6.4447,-8.9717,-11.471,-13.044,-14.6,-15.981,-16.857,-15.719,-13.444,-11.166,-9.7323,-7.7402,-6.0689,-5.0479,-3.9666,-3.088,-2.553,-2.0833,-1.7822,-1.6464,-1.6603,-1.8493,-2.0348,-2.0588,-1.9078,-1.4388,-0.68471,-0.0063722,0.95758,1.8286,2.3676,2.9362,3.2872,3.3821,3.2446,2.7804,1.9333,0.976,-0.80821,-3.4056,-6.1698,-12.016,-23.464,-16.088,-9.915,-7.0547,-5.5686,-4.998,-4.7802,-5.0109,-5.3934,-6.1077,-6.893,-7.4829,-7.5991,-7.3064,-6.6653,-6.1558,-5.6234,-5.3032,-5.2513,-5.3757,-5.5407,-5.5103,-5.2601,-4.6588,-3.8684,-3.2873,-2.6141,-2.1038,-1.8091,-1.4822,-1.2086,-0.90689,-0.65665,-0.31205,0.022096,0.22278,0.39768,0.42694,0.28624
-2.5371,-0.87129,0.82102,2.0173,2.6417,3.1814,3.392,3.3676,3.077,2.5139,1.69,0.90581,-0.36213,-1.8195,-3.0176,-4.6868,-6.4174,-7.7374,-9.604,-11.578,-12.88,-12.287,-9.5302,-6.3682,-4.3024,-2.0009,-0.2023,0.8474,1.9242,2.655,3.036,3.1121,2.9624,2.5227,2.0254,1.1611,0.11395,-1.0131,-1.8888,-2.9145,-3.7249,-4.2011,-4.6406,-5.0283,-5.3276,-5.863,-6.6946,-7.9739,-9.4614,-12.642,-18.718,-34.279,-19.016,-12.556,-9.9866,-8.0269,-7.1343,-7.0739,-7.5739,-8.9524,-11.175,-12.796,-12.663,-10.019,-7.2718,-5.6393,-3.9095,-2.5945,-1.8025,-0.91055,-0.15622,0.30277,0.81128,1.1484,1.2858,1.2123,0.86006,0.1596,-0.65158,-2.2392,-4.5315,-6.8614,-10.677,-12.173,-9.0158,-6.7672,-4.6528,-3.2457,-2.4975,-2.1993,-2.3964,-3.0657,-3.8843,-5.4812,-7.6365,-9.6225,-12.484,-14.741,-16.028,-18.264,-16.915,-11.889,-8.602,-4.6364,-1.6585,0.0096918,1.7585,3.0624,3.7885,4.3623,4.574,4.4414,4.1367,3.371,2.2051,1.0493,-0.88935,-3.3716,-6.4785,-9.3699,-14.069,-19.578,-21.995,-19.896,-17.248,-14.528,-12.21,-10.183,-8.0178,-6.2564,-4.261,-2.5663,-1.535,-0.26077,0.77395,1.3955,2.0322,2.4783,2.7535,2.8422,2.8886,2.8808,2.8392,2.7797,2.7595,2.8053,2.8743,3.0082,3.184,3.3481,3.5808,3.7636,3.8356,3.8115,3.561,3.0357,2.4293,1.3369,-0.056688,-1.2272,-2.7425,-3.7763,-4.0515,-3.8765,-3.4949,-3.2495,-3.2156,-3.3449,-3.6642,-3.9501,-4.3374,-4.6436,-4.8006,-4.8228,-4.7637,-4.7215,-4.7722,-5.0434,-5.7131,-6.5791,-8.396,-11.176,-13.915,-13.184,-9.3496,-6.0964,-4.2485,-2.4428,-1.1505,-0.42004,0.28077,0.7728,1.1114,1.287,1.4037,1.4075,1.3339,1.0865,0.61693,-0.080379
0.062156,0.69041,1.451,2.0532,2.4048,2.698,2.7873,2.7112,2.3822,1.776,0.86085,-0.080878,-1.6526,-3.6714,-5.3919,-7.7765,-9.5683,-9.986,-9.5134,-8.4785,-7.2057,-6.1466,-4.5946,-2.9887,-1.8066,-0.39715,0.79111,1.5341,2.2737,2.7259,2.8659,2.7789,2.3718,1.6435,0.85897,-0.50415,-2.2422,-4.3114,-6.0024,-7.9235,-8.6964,-8.3957,-7.3936,-6.4313,-5.9249,-5.585,-5.648,-6.0913,-6.6492,-7.7029,-8.6509,-9.014,-8.5508,-7.4127,-6.4731,-5.4727,-4.8439,-4.5928,-4.6243,-4.861,-5.1968,-5.3356,-5.3045,-4.9808,-4.4757,-4.0666,-3.4767,-2.9062,-2.409,-1.6909,-0.87236,-0.25057,0.51887,1.1591,1.5882,1.7513,1.7401,1.4315,1.0297,0.25547,-0.71292,-1.479,-2.3457,-2.8416,-2.9162,-2.6726,-2.429,-2.2864,-2.1864,-2.2744,-2.8301,-3.8487,-4.9783,-7.0383,-10.211,-13.856,-22.101,-30.712,-22.601,-19.199,-16.455,-11.694,-8.2931,-4.2569,-1.161,0.67474,2.5439,3.9017,4.6354,5.2647,5.5026,5.3659,5.0175,4.2311,3.0446,1.8759,-0.10893,-2.6253,-5.7933,-8.5941,-13.058,-17.791,-20.194,-20.057,-17.496,-15.851,-12.289,-8.733,-5.6796,-3.809,-1.6704,0.17657,1.3952,2.7207,3.7712,4.3998,5.0647,5.4998,5.7318,5.7974,5.7572,5.5412,5.2657,4.7946,4.2047,3.5206,2.98,2.2911,1.8412,1.7667,2.002,2.5151,2.9595,3.4823,3.8167,3.9024,3.8176,3.4916,2.9843,2.5257,1.836,1.1616,0.67529,0.033364,-0.63278,-1.407,-2.0862,-3.1011,-4.1705,-4.9364,-5.6652,-5.9006,-5.6605,-5.3222,-4.8175,-4.4276,-4.2773,-4.3578,-4.9062,-5.6429,-7.1998,-9.3847,-11.15,-10.549,-7.6658,-4.8337,-3.1643,-1.454,-0.23545,0.41118,0.99365,1.347,1.5013,1.5182,1.4503,1.2692,1.0605,0.6539,0.058797,-0.81896
1.1404,1.2423,1.3383,1.4336,1.5148,1.6317,1.7536,1.7775,1.6788,1.3099,0.56647,-0.26848,-1.9099,-4.3143,-6.8693,-12.162,-23.351,-18.603,-11.085,-7.3692,-4.9957,-3.6292,-2.1234,-0.86885,-0.052519,0.91758,1.7144,2.2058,2.6636,2.8841,2.8684,2.6675,2.1098,1.1964,0.24342,-1.4539,-3.7634,-7.0117,-10.457,-18.605,-21.928,-14.604,-9.8704,-7.1623,-5.7966,-4.5403,-3.735,-3.2832,-3.0873,-2.9213,-2.8429,-2.7531,-2.5523,-2.2917,-2.0842,-1.8431,-1.6871,-1.6636,-1.7163,-1.8856,-2.0874,-2.2981,-2.6234,-3.0194,-3.5788,-4.0804,-4.9125,-5.6384,-5.8202,-5.1584,-3.6574,-2.3032,-0.64527,0.71861,1.7321,2.2783,2.706,2.8233,2.7264,2.4178,1.9186,1.4701,0.80037,0.13297,-0.53026,-0.92604,-1.3144,-1.6523,-1.9953,-2.2258,-2.4741,-2.909,-3.4188,-4.3998,-5.7231,-6.8608,-8.1083,-8.6198,-8.1797,-7.0345,-5.3332,-3.3506,-1.8915,0.16096,2.0513,3.3098,4.6705,5.6977,6.2512,6.7505,6.9385,6.8157,6.4986,5.8219,4.8213,3.8612,2.2684,0.31508,-2.002,-3.969,-6.9625,-10.482,-13.727,-20.261,-24.122,-15.435,-9.5238,-5.6027,-2.5861,-0.74317,1.4223,3.193,4.2973,5.5023,6.4591,7.0277,7.5733,7.9064,8.0337,8.0029,7.7554,7.2762,6.766,5.8442,4.5786,2.8649,1.1979,-1.6076,-4.7217,-5.7174,-3.6191,-0.68834,1.0701,2.7742,3.9378,4.668,4.9824,5.1387,5.0386,4.8146,4.3733,3.7612,3.197,2.2797,1.1311,-0.2955,-1.6078,-3.8401,-6.7667,-9.6324,-13.611,-13.257,-9.8343,-7.6913,-5.6419,-4.2351,-3.5032,-2.8741,-2.5258,-2.439,-2.4494,-2.4394,-2.2531,-1.9419,-1.2353,-0.43421,0.16482,0.82781,1.257,1.4239,1.4414,1.2374,0.88298,0.57,0.19535,-0.079049,-0.23539,-0.40763,-0.6477,-1.1356
0.60576,0.12276,-0.71805,-1.5287,-1.8797,-1.6617,-0.84085,-0.11426,0.69284,1.1407,1.1609,0.89899,0.17572,-0.92086,-1.8979,-3.1916,-4.0557,-4.1503,-3.6106,-2.7197,-1.8267,-1.1968,-0.47579,0.17601,0.62311,1.2061,1.7465,2.0876,2.4572,2.6736,2.6886,2.5262,2.0818,1.312,0.52776,-0.8183,-2.488,-4.384,-5.7813,-7.2902,-7.853,-7.5563,-6.487,-5.1437,-4.1298,-2.8658,-1.7947,-0.95321,-0.47664,0.02394,0.34798,0.52379,0.63477,0.65584,0.60171,0.4628,0.24804,-0.011382,-0.21975,-0.50093,-0.79466,-1.0701,-1.5381,-2.2506,-3.3452,-4.5638,-7.1649,-12.014,-21.2,-16.389,-7.8105,-4.425,-1.3896,0.68376,2.1345,2.9076,3.5877,3.9371,3.9828,3.7958,3.3371,2.8137,1.8834,0.68224,-0.71555,-2.001,-3.478,-4.2283,-4.2321,-3.7499,-2.8724,-2.1078,-1.675,-1.3975,-1.2499,-1.1649,-1.0098,-0.72389,-0.42488,0.2591,1.1719,2.2537,3.1121,4.2145,5.256,5.9867,6.8408,7.521,7.8951,8.21,8.3162,8.2038,7.9831,7.4793,6.7545,6.0538,4.9631,3.6821,2.248,1.0841,-0.52382,-2.0959,-3.1001,-3.9064,-3.7865,-3.2514,-1.6839,0.18372,2.0379,3.3604,4.8635,6.1506,6.9753,7.9181,8.6501,9.0587,9.4289,9.6192,9.6206,9.4837,9.115,8.541,7.959,6.9245,5.5429,3.7188,1.9584,-1.0038,-4.3514,-5.4111,-3.1695,-0.12772,1.6735,3.4886,4.7653,5.6226,6.0257,6.316,6.3428,6.2079,5.8544,5.2922,4.7311,3.8008,2.6229,1.1516,-0.17616,-2.3515,-5.0714,-7.4061,-10.231,-10.31,-8.1657,-6.4796,-4.634,-3.2173,-2.3663,-1.4116,-0.59588,-0.077505,0.53519,1.0607,1.5327,1.8675,2.2434,2.5396,2.6789,2.6952,2.473,2.1193,1.3548,0.19429,-1.336,-2.6412,-4.2,-4.6331,-4.056,-2.8269,-1.7991,-1.2095
-0.16297,-1.3886,-4.1113,-9.2268,-17.331,-12.301,-5.2756,-2.4347,-0.071662,1.3454,2.1415,2.4018,2.464,2.2518,1.9686,1.5195,1.0921,0.79999,0.46714,0.16412,-0.14867,-0.42215,-0.78337,-1.0455,-1.0727,-0.87316,-0.36105,0.11675,0.78367,1.334,1.6465,1.72,1.5746,1.1286,0.5781,-0.43194,-1.7392,-3.3056,-4.5152,-6.1099,-7.217,-7.3479,-6.6019,-5.0807,-3.8192,-2.224,-0.84941,0.26392,0.90275,1.4935,1.869,1.9843,1.9363,1.6678,1.3296,0.70499,-0.058363,-0.8217,-1.3099,-1.6999,-1.8206,-1.7402,-1.6329,-1.6914,-2.0109,-2.4907,-3.322,-4.2079,-4.5452,-4.0202,-2.6252,-1.3376,0.31074,1.715,2.8382,3.4843,4.1216,4.4919,4.5971,4.4518,3.986,3.3888,2.2264,0.52523,-1.9563,-4.453,-10.104,-27.869,-14.171,-7.2395,-3.8911,-1.8211,-0.73247,0.34917,1.1543,1.6549,2.2096,2.7429,3.1089,3.6682,4.2631,4.9054,5.4527,6.1006,6.7174,7.1362,7.6612,8.1009,8.3631,8.5735,8.6393,8.5499,8.3933,8.0369,7.5403,7.0842,6.3836,5.6155,4.8081,4.2254,3.512,2.9373,2.6212,2.4502,2.582,2.9223,3.6214,4.5165,5.4731,6.1712,7.101,7.9493,8.5242,9.146,9.6067,9.8412,10.028,10.05,9.9162,9.7138,9.3424,8.8321,8.3495,7.5669,6.6455,5.6093,4.8214,3.8363,3.1296,2.8925,3.0466,3.6123,4.1741,4.9614,5.6469,6.1692,6.438,6.6133,6.5911,6.4572,6.0955,5.5673,5.0715,4.2887,3.3717,2.3161,1.4318,0.1834,-1.1063,-2.0032,-2.9933,-3.6333,-3.8963,-3.9004,-3.6537,-3.1209,-2.5162,-1.5164,-0.41015,0.41963,1.4439,2.3052,2.9895,3.3883,3.7278,3.8893,3.8549,3.6043,3.0876,2.4788,1.2825,-0.47253,-3.1184,-6.1253,-13.14,-16.378,-9.3932,-4.4861,-1.7992,-0.22243
0.60514,-0.059175,-1.2907,-2.6068,-3.2088,-2.8341,-1.4686,-0.29866,1.0603,2.0664,2.7247,3.0205,3.1945,3.17,3.0336,2.73,2.2875,1.8499,1.0941,0.087731,-1.2477,-2.552,-4.7394,-7.3819,-8.9946,-8.8265,-6.6278,-4.9114,-3.0976,-1.7951,-0.90185,-0.45091,-0.17143,-0.214,-0.48927,-1.2059,-2.3955,-4.1894,-6.1252,-9.9827,-17.521,-27.794,-13.408,-7.9236,-5.3332,-2.9131,-1.2142,0.011506,0.69777,1.3217,1.6368,1.6661,1.4447,0.86065,0.16274,-1.19,-3.1268,-5.771,-7.9863,-9.4861,-7.6522,-5.7129,-3.6658,-2.2892,-1.4806,-1.145,-0.91724,-0.8034,-0.72406,-0.53205,-0.19113,0.14926,0.71649,1.3586,2.0419,2.5421,3.1424,3.5858,3.7939,3.8609,3.6405,3.2783,2.4829,1.3218,-0.21823,-1.5808,-3.3146,-4.3398,-4.1633,-3.2756,-2.1062,-1.0129,-0.30426,0.52583,1.2001,1.6287,2.1709,2.6783,3.0782,3.5011,3.8796,4.2111,4.4511,4.8138,5.1942,5.4641,5.8199,6.1544,6.3826,6.6172,6.7284,6.6998,6.5649,6.28,5.8719,5.526,5.0011,4.4789,4.0123,3.7092,3.4159,3.2498,3.2111,3.2604,3.4804,3.8318,4.3023,4.8676,5.5166,6.0366,6.7388,7.368,7.7505,8.1326,8.359,8.4287,8.3713,8.163,7.8486,7.5817,7.198,6.776,6.4323,5.9452,5.397,4.7933,4.3268,3.7357,3.2578,3.0353,2.9859,3.1879,3.4827,3.9541,4.4184,4.7846,4.9623,5.0184,4.8708,4.6299,4.1557,3.5545,3.0622,2.3768,1.7127,1.0836,0.61552,-0.016993,-0.71917,-1.3041,-2.2078,-3.2898,-4.6491,-5.8931,-7.7221,-8.7494,-8.0408,-5.66,-3.1281,-1.5055,0.21878,1.5042,2.4064,2.8566,3.2254,3.3223,3.243,2.9576,2.4779,1.9888,1.1981,0.24738,-0.81983,-1.5812,-2.2992,-2.2597,-1.6838,-0.51813,0.73407,1.7953
1.5121,1.4858,1.3733,1.2307,1.1897,1.2689,1.4675,1.6733,1.936,2.1371,2.2341,2.2668,2.2232,2.1221,2.0161,1.7964,1.4325,1.0425,0.29614,-0.80311,-2.3932,-3.9947,-6.8958,-10.984,-14.256,-14.08,-10.649,-8.619,-6.7697,-5.4207,-4.2935,-3.5658,-2.744,-2.1867,-1.9725,-2.0272,-2.5076,-3.3987,-4.3693,-5.8044,-7.0869,-7.3844,-6.7039,-5.2768,-4.1602,-2.8356,-1.7686,-0.94368,-0.45139,0.048608,0.30925,0.35996,0.17977,-0.33324,-0.99861,-2.3124,-4.2878,-7.1656,-9.8519,-11.682,-8.9714,-6.4953,-4.0397,-2.3985,-1.3778,-0.90252,-0.63411,-0.65345,-0.81973,-1.227,-1.7184,-2.0888,-2.3961,-2.2619,-1.6206,-0.89091,0.154,1.0944,1.6432,2.1678,2.4122,2.4184,2.2007,1.7499,1.1545,0.59283,-0.14349,-0.76489,-1.0992,-1.4106,-1.5901,-1.6729,-1.6865,-1.5667,-1.277,-0.96813,-0.47773,-0.021301,0.28711,0.55655,0.68088,0.67207,0.54962,0.4893,0.54641,0.74161,1.1278,1.6299,2.0082,2.4781,2.7909,2.8907,2.7964,2.4657,1.9102,1.3777,0.63825,-0.016174,-0.41843,-0.53535,-0.47799,-0.28464,-0.085334,0.18373,0.47097,0.63484,1.0406,1.6381,2.4271,3.104,3.9186,4.6174,5.0003,5.3225,5.3626,5.199,4.7127,4.0064,3.1992,2.655,2.11,1.8929,1.8787,1.8898,1.7367,1.3217,0.79469,-0.12922,-1.1585,-1.784,-2.0967,-1.6207,-0.9146,0.13533,1.047,1.6607,1.887,1.8886,1.5302,1.0253,0.13221,-0.95431,-1.8057,-2.7505,-3.2358,-3.2339,-3.034,-2.7711,-2.6669,-2.7861,-3.2648,-4.2037,-5.7943,-7.5739,-11.252,-15.783,-13.939,-8.5552,-4.9051,-2.9344,-1.078,0.16619,0.93658,1.2525,1.3979,1.2525,1.0187,0.57694,0.063478,-0.30431,-0.69035,-0.92898,-0.97574,-0.87527,-0.56422,-0.037234,0.48795,1.2732,2.0995,2.8837
2.112,2.3845,2.6266,2.7418,2.7546,2.6657,2.4826,2.2652,1.8714,1.3711,0.83003,0.4471,0.083542,-0.05783,-0.01346,0.14442,0.28776,0.30197,0.11825,-0.35838,-1.155,-1.9652,-3.2606,-4.6334,-5.5959,-6.659,-7.5728,-8.2652,-9.2781,-9.8016,-8.8381,-7.325,-5.1382,-3.378,-2.4081,-1.5701,-1.1763,-1.1466,-1.2875,-1.6254,-1.9916,-2.2321,-2.4324,-2.5071,-2.5221,-2.4914,-2.3581,-2.1073,-1.8528,-1.4487,-1.0153,-0.73972,-0.52089,-0.49288,-0.61705,-0.98925,-1.5224,-2.0624,-2.3621,-2.445,-2.0859,-1.6234,-0.91916,-0.31539,0.079403,0.18693,0.053543,-0.45889,-1.1161,-2.4433,-4.4791,-6.631,-10.515,-12.704,-9.0176,-6.0755,-3.2079,-1.2171,-0.13351,0.88059,1.5273,1.8019,1.9553,1.8912,1.6238,1.3588,0.81498,0.076893,-0.66974,-1.7614,-3.0805,-4.6066,-5.7182,-6.6817,-6.4043,-5.5418,-4.2969,-3.3344,-2.978,-2.8067,-3.1294,-3.896,-4.6862,-6.0911,-7.2238,-7.2458,-6.0753,-4.3857,-3.2328,-1.9925,-1.1563,-0.77864,-0.77892,-1.2686,-2.3216,-3.5507,-5.7051,-8.0712,-9.1233,-8.322,-6.5901,-5.2182,-4.6203,-4.3281,-4.5684,-5.0075,-5.1139,-4.2788,-2.631,-1.2931,0.39857,1.7144,2.4336,2.9293,2.8943,2.4834,1.3901,-0.46918,-3.2704,-5.9464,-8.1593,-6.0644,-4.0154,-2.1992,-1.3858,-1.4764,-2.1266,-3.9131,-7.2138,-11.567,-19.874,-10.643,-6.5792,-3.4187,-1.5871,-0.61567,-0.32666,-0.4357,-1.0928,-1.95,-3.6845,-6.2689,-8.9957,-13.731,-14.684,-10.423,-7.8833,-5.5839,-4.1412,-3.4695,-2.9966,-2.9464,-3.1912,-3.4865,-3.8457,-3.9042,-3.5954,-2.7666,-1.7284,-1.0004,-0.22253,0.26045,0.40796,0.30319,-0.1558,-0.91256,-1.6702,-2.8688,-4.1011,-4.8215,-5.2794,-4.9443,-4.0105,-3.1315,-1.8651,-0.63253,0.24569,1.3671,2.3911,3.2907
