-10.212,-8.6421,-6.8431,-5.4268,-4.5711,-3.6526,-2.9211,-2.459,-1.945,-1.5169,-1.1507,-0.89828,-0.57792,-0.26561,-0.040633,0.24173,0.5089,0.69514,0.92531,1.1345,1.3285,1.4628,1.6214,1.7506,1.8315,1.9202,1.9927,2.0358,2.0682,2.0733,2.0511,2.0167,1.9479,1.8593,1.7855,1.6801,1.5712,1.4519,1.3583,1.2332,1.1169,1.039,0.93615,0.84733,0.78757,0.71623,0.64709,0.57197,0.5056,0.40535,0.28271,0.18343,0.047254,-0.10131,-0.22821,-0.41069,-0.60331,-0.80968,-0.97385,-1.2048,-1.4329,-1.6058,-1.8323,-2.0453,-2.245,-2.3837,-2.55,-2.6846,-2.7706,-2.8649,-2.9461,-2.991,-3.0062,-2.9745,-2.905,-2.835,-2.7287,-2.6155,-2.5228,-2.4074,-2.3298,-2.3211,-2.3564,-2.428,-2.5178,-2.581,-2.6435,-2.6596,-2.6242,-2.5018,-2.2794,-1.9808,-1.7388,-1.4018,-1.0646,-0.82227,-0.53926,-0.31261,-0.18981,-0.10023,-0.1005,-0.18469,-0.29791,-0.49509,-0.73098,-0.91269,-1.1235,-1.259,-1.2763,-1.161,-0.89353,-0.48258,-0.1119,0.4248,0.96208,1.3475,1.8178,2.2174,2.5506,2.7482,2.9422,3.0593,3.094,3.0689,2.9559,2.8107,2.5399,2.1804,1.7472,1.3709,0.79284,0.14496,-0.36864,-1.0713,-1.7726,-2.2826,-2.9236,-3.5062,-4.0349,-4.3613,-4.6459,-4.7199,-4.5955,-4.1924,-3.5555,-2.7405,-2.0383,-1.0139,0.095946,0.97589,2.1855,3.4211,4.3536,5.5877,6.8034,7.9897,8.8551,9.9723,11.035,11.796,12.756,13.656,14.29,15.083,15.812,16.478,16.935,17.488,17.977,18.302,18.678,18.989,19.234,19.377,19.51,19.58,19.59,19.547,19.44,19.317,19.095,18.808,18.455,18.145,17.674,17.134,16.682,16.018,15.28,14.675,13.8,12.839,11.786,10.932,9.698,8.3482,7.2478,5.6385,3.8244,1.7627
0.45023,0.62416,0.8837,1.1406,1.3117,1.4912,1.5981,1.6249,1.5877,1.4695,1.2686,1.0636,0.72484,0.31837,-0.022801,-0.51175,-1.0116,-1.3679,-1.777,-2.0634,-2.187,-2.1638,-2.0006,-1.7306,-1.4956,-1.188,-0.93123,-0.79106,-0.69506,-0.72139,-0.88226,-1.0997,-1.5258,-2.1198,-2.6819,-3.602,-4.7132,-5.9921,-7.0117,-8.2703,-9.019,-8.9919,-8.1896,-6.9012,-5.8708,-4.5755,-3.4444,-2.4945,-1.8965,-1.2379,-0.73281,-0.44935,-0.19097,-0.057178,-0.03787,-0.1168,-0.31323,-0.62115,-0.92124,-1.4114,-1.9804,-2.4407,-3.0585,-3.6111,-3.9936,-4.111,-3.9921,-3.5772,-3.1213,-2.3959,-1.6156,-1.0315,-0.28231,0.41449,1.045,1.4741,1.9891,2.4359,2.7281,3.0635,3.3385,3.5089,3.6874,3.8161,3.8993,3.9355,3.954,3.9467,3.9248,3.8748,3.8018,3.7057,3.6173,3.4766,3.3042,3.1505,2.9062,2.6081,2.3414,1.9184,1.4027,0.77773,0.22512,-0.64025,-1.6753,-2.5668,-3.8872,-5.2312,-6.0415,-6.4182,-5.7327,-4.3362,-3.1528,-1.6414,-0.31431,0.5436,1.5102,2.2903,2.9053,3.2679,3.6313,3.8706,3.976,4.0248,3.9791,3.8873,3.693,3.4262,3.0941,2.8069,2.3784,1.9015,1.5145,0.96232,0.37061,-0.10131,-0.76806,-1.4946,-2.296,-2.9541,-3.9222,-5.024,-5.9596,-7.4232,-9.2638,-11.775,-14.496,-21.027,-29.687,-18.438,-11.831,-7.7016,-5.293,-2.5915,-0.25472,1.8389,3.2872,5.0852,6.7508,7.9227,9.388,10.747,11.699,12.878,13.957,14.936,15.606,16.414,17.123,17.592,18.133,18.578,18.928,19.129,19.314,19.407,19.415,19.344,19.181,18.998,18.673,18.255,17.744,17.301,16.629,15.864,15.231,14.307,13.295,12.48,11.32,10.083,8.7807,7.7665,6.3776,4.9682,3.9133,2.538,1.2342,0.046596
3.7034,3.656,3.5768,3.4713,3.3703,3.1985,2.9708,2.7555,2.399,1.9493,1.3855,0.87232,0.045091,-0.9789,-1.9074,-3.417,-5.3275,-7.1014,-10.003,-13.02,-13.385,-11.473,-8.6065,-6.334,-5.035,-3.7301,-2.817,-2.3459,-1.9676,-1.8518,-1.9796,-2.2314,-2.7606,-3.5144,-4.2198,-5.3394,-6.6344,-8.0578,-9.1315,-10.386,-11.121,-11.153,-10.51,-9.3339,-8.283,-6.8182,-5.3997,-4.0959,-3.214,-2.1785,-1.3199,-0.78899,-0.23398,0.14853,0.32019,0.3916,0.28454,-0.0076292,-0.35533,-0.99878,-1.8657,-2.6691,-3.9493,-5.412,-6.803,-7.466,-7.355,-6.1729,-4.9646,-3.3335,-1.8723,-0.9087,0.20166,1.1222,1.8783,2.3505,2.8676,3.2734,3.5082,3.7425,3.8975,3.9672,4.005,3.9874,3.9178,3.8372,3.6963,3.52,3.3658,3.131,2.8632,2.5624,2.3143,1.9539,1.559,1.2441,0.8038,0.35462,0.023501,-0.3895,-0.74234,-0.99959,-1.1179,-1.1687,-1.1045,-0.98961,-0.7563,-0.44654,-0.17158,0.24799,0.71067,1.1959,1.5618,2.0342,2.4657,2.7475,3.0491,3.2504,3.3396,3.327,3.2015,2.9496,2.6808,2.2249,1.6714,1.2059,0.54942,-0.10502,-0.70273,-1.0803,-1.4757,-1.7378,-1.8662,-1.9941,-2.1123,-2.2197,-2.4168,-2.7081,-3.0933,-3.4454,-3.9904,-4.6318,-5.1837,-6.0088,-6.9263,-7.897,-8.6267,-9.5526,-10.372,-10.901,-11.454,-11.747,-11.672,-10.959,-9.3917,-7.1607,-5.2714,-2.7054,-0.23214,1.5141,3.6782,5.6544,7.0131,8.6691,10.154,11.475,12.364,13.419,14.332,14.925,15.6,16.146,16.565,16.798,17.004,17.09,17.078,16.959,16.725,16.473,16.035,15.48,14.807,14.223,13.335,12.32,11.471,10.221,8.8239,7.6745,5.9955,4.1321,2.0605,0.34786,-2.1809,-5.0177,-7.3217,-10.32,-12.147,-11.848
1.4468,1.3551,1.2626,1.1976,1.1622,1.1143,1.05,0.98384,0.86113,0.69171,0.47068,0.26947,-0.040338,-0.38393,-0.65474,-1.0136,-1.3399,-1.5416,-1.727,-1.7889,-1.7159,-1.5784,-1.303,-0.9628,-0.69887,-0.38281,-0.14007,-0.021962,0.026372,-0.070266,-0.32991,-0.64024,-1.2252,-2.011,-2.7447,-3.931,-5.4022,-7.2356,-8.9372,-11.892,-16.393,-22.592,-27.899,-16.533,-12.558,-8.9723,-6.3654,-4.3481,-3.107,-1.7334,-0.62999,0.045703,0.77244,1.3223,1.6257,1.9005,2.0465,2.0829,2.0529,1.9498,1.7965,1.661,1.475,1.3102,1.1977,1.1632,1.1854,1.2862,1.4093,1.6153,1.8417,2.0085,2.213,2.373,2.4737,2.5036,2.4771,2.3702,2.2368,1.9901,1.6721,1.3915,0.97512,0.5258,0.064704,-0.27369,-0.69775,-1.0781,-1.3306,-1.6235,-1.8833,-2.1359,-2.3455,-2.6866,-3.1435,-3.5949,-4.3921,-5.4895,-6.5805,-8.5474,-11.391,-15.448,-17.879,-14.603,-10.082,-7.5134,-4.8802,-2.8596,-1.6218,-0.25138,0.86532,1.7689,2.3204,2.9094,3.3386,3.5565,3.7082,3.6958,3.5114,3.2533,2.731,1.9864,1.2626,0.033866,-1.57,-3.0988,-5.7636,-9.6493,-16.524,-31.059,-16.998,-10.964,-8.4908,-6.3576,-4.9955,-4.3079,-3.7282,-3.4573,-3.4515,-3.5907,-3.9539,-4.5236,-5.0826,-5.9813,-7.015,-8.1416,-9.0284,-10.24,-11.488,-12.402,-13.534,-14.45,-14.919,-15.124,-14.477,-12.647,-10.651,-7.6647,-4.6948,-2.6017,-0.047222,2.2296,3.7655,5.6022,7.2113,8.6118,9.5344,10.607,11.51,12.081,12.712,13.2,13.552,13.73,13.858,13.866,13.793,13.594,13.278,12.966,12.449,11.815,11.063,10.419,9.4528,8.36,7.4538,6.1249,4.6509,3.4465,1.702,-0.20937,-2.2919,-3.9596,-6.2821,-8.5777,-10.145,-11.75,-12.548,-12.63
-4.9837,-4.9758,-4.4723,-3.6515,-3.0042,-2.237,-1.6519,-1.3455,-1.1072,-1.0555,-1.1542,-1.302,-1.5477,-1.7835,-1.9072,-1.9487,-1.8088,-1.5789,-1.1372,-0.58533,0.009569,0.46181,1.0456,1.5915,1.9632,2.3955,2.7476,2.9613,3.1715,3.2882,3.3137,3.2699,3.1258,2.8896,2.6584,2.283,1.8468,1.3767,1.0236,0.5993,0.28764,0.16056,0.17249,0.40424,0.69341,1.1928,1.7607,2.3305,2.7284,3.1945,3.5683,3.7807,3.9756,4.0704,4.079,4.0136,3.8757,3.6867,3.5248,3.3031,3.0955,2.9605,2.8217,2.7397,2.7182,2.738,2.7966,2.8781,2.9478,3.0359,3.095,3.1103,3.0764,2.9667,2.7609,2.5351,2.1263,1.5803,1.0725,0.24684,-0.76873,-1.666,-3.0626,-4.6888,-6.496,-7.8778,-9.4804,-10.323,-10.289,-9.6086,-8.6369,-7.6783,-7.0362,-6.3055,-5.7085,-5.3516,-4.9924,-4.7669,-4.6851,-4.6593,-4.64,-4.4813,-4.1742,-3.4353,-2.3341,-1.3611,-0.013441,1.2808,2.1732,3.2336,4.1386,4.8835,5.338,5.8103,6.1352,6.2825,6.3547,6.2891,6.0876,5.8481,5.4111,4.8479,4.3492,3.5908,2.7478,2.0827,1.2002,0.39629,-0.22491,-0.52594,-0.71847,-0.68925,-0.57812,-0.3897,-0.21949,-0.13294,-0.09887,-0.18739,-0.42138,-0.69366,-1.1835,-1.8424,-2.4522,-3.4144,-4.5709,-5.9914,-7.3039,-9.5328,-12.551,-15.51,-19.695,-18.384,-14.938,-11.02,-8.0034,-5.5379,-3.8998,-1.8796,0.011771,1.3602,3.059,4.6178,5.6848,6.9669,8.0815,9.0281,9.6313,10.296,10.81,11.104,11.383,11.547,11.614,11.607,11.529,11.379,11.219,10.937,10.57,10.232,9.6921,9.0426,8.2825,7.6391,6.6909,5.6577,4.836,3.6921,2.5047,1.5922,0.34792,-0.93906,-2.2871,-3.349,-4.8387,-6.4788,-7.8462,-9.9188,-12.471,-16.084
-12.391,-11.667,-8.5805,-5.7642,-4.147,-2.5804,-1.5859,-1.1648,-0.98798,-1.2476,-1.98,-2.8875,-4.6977,-7.5172,-10.734,-16.397,-13.13,-8.9201,-5.1115,-2.533,-0.67728,0.39238,1.5085,2.3656,2.8805,3.4416,3.903,4.2111,4.5902,4.9447,5.2894,5.5424,5.8638,6.1575,6.3543,6.5821,6.7694,6.9211,7.0123,7.1105,7.1921,7.2432,7.3034,7.3558,7.3834,7.4046,7.3978,7.3463,7.2671,7.0962,6.8423,6.5854,6.146,5.5819,5.0775,4.2949,3.3916,2.3835,1.5831,0.53238,-0.37418,-0.85721,-1.1329,-0.97862,-0.50898,-0.042232,0.6081,1.2114,1.6098,2.0503,2.3658,2.5185,2.6058,2.5562,2.3607,2.1178,1.6583,1.0219,0.42435,-0.56704,-1.821,-2.9602,-4.7918,-7.0437,-9.8121,-12.24,-15.346,-16.356,-15.572,-14.263,-13.458,-13.094,-12.868,-12.051,-10.329,-8.6733,-6.4079,-4.3321,-2.9546,-1.3548,0.023054,1.2364,2.0681,3.0904,4.0365,4.7011,5.5263,6.275,6.7794,7.3631,7.8413,8.208,8.4097,8.5809,8.6445,8.6226,8.5049,8.2959,8.0042,7.7383,7.3285,6.8702,6.5057,5.9984,5.489,5.1159,4.6424,4.2026,3.8185,3.572,3.294,3.0803,2.9525,2.8067,2.6756,2.5771,2.4366,2.2621,2.0383,1.8369,1.5205,1.1372,0.81011,0.32809,-0.20727,-0.75733,-1.14,-1.542,-1.755,-1.7612,-1.5617,-1.11,-0.59403,0.31875,1.3948,2.5365,3.4113,4.5761,5.714,6.5299,7.5443,8.4461,9.0329,9.6833,10.166,10.466,10.565,10.522,10.271,9.9498,9.3621,8.6425,7.8894,7.3903,6.9358,6.7787,6.8193,6.9577,7.0417,6.9946,6.7225,6.1681,5.3066,4.4497,3.0326,1.3522,-0.014375,-1.7158,-2.852,-3.148,-2.973,-2.5687,-2.2566,-2.156,-2.2104,-2.4882,-2.8265,-3.3623,-3.8959,-4.3643
-2.0187,-1.6311,-1.0664,-0.47451,-0.048533,0.44552,0.81521,0.98496,1.048,0.90217,0.53361,0.12382,-0.54613,-1.2656,-1.7289,-2.0412,-1.8761,-1.4753,-0.73358,0.015554,0.62458,0.94285,1.1616,1.1276,0.94986,0.55961,0.10105,-0.17561,-0.24449,0.19805,1.1113,1.9723,3.1778,4.3113,5.0707,5.9481,6.6699,7.2496,7.5946,7.9465,8.1915,8.3104,8.3896,8.3853,8.329,8.1839,7.9603,7.6526,7.3615,6.8876,6.306,5.7795,4.9465,3.9344,3.0403,1.6326,-0.091569,-2.2443,-4.2588,-7.7863,-13.3,-21.606,-21.216,-12.501,-8.5779,-6.6532,-4.7846,-3.4269,-2.6444,-1.8382,-1.2666,-0.97159,-0.74846,-0.69431,-0.79467,-0.95926,-1.3026,-1.776,-2.1808,-2.7826,-3.4508,-3.9803,-4.7111,-5.4525,-6.1894,-6.7092,-7.321,-7.8671,-8.2473,-8.8204,-9.5848,-10.623,-11.448,-11.815,-10.381,-8.4274,-5.6311,-3.1179,-1.4806,0.39231,1.9678,3.2896,4.1439,5.1246,5.9447,6.4609,7.0267,7.4625,7.7117,7.9397,8.0494,8.0386,7.9542,7.7447,7.4264,7.1203,6.6314,6.0675,5.4507,4.9705,4.3279,3.7062,3.2711,2.7425,2.2739,1.955,1.5669,1.1958,0.84053,0.58175,0.2575,-0.016467,-0.17242,-0.29481,-0.3001,-0.25777,-0.16467,-0.064551,-0.0076037,-0.01901,-0.13159,-0.36618,-0.61072,-1.0378,-1.546,-2.0199,-2.2744,-2.3807,-2.1614,-1.7669,-0.97064,0.073276,0.95975,2.202,3.4363,4.6198,5.471,6.547,7.5388,8.2078,8.9837,9.6117,9.977,10.316,10.466,10.397,10.182,9.6449,8.7583,7.8121,6.0612,3.5084,-0.44657,-5.3739,-15.603,-4.9607,-1.0096,1.962,3.6111,4.2945,4.6465,4.4568,3.7714,2.9287,1.3429,-0.82724,-2.8391,-5.6697,-6.9607,-6.1069,-4.1139,-2.3914,-1.1756,-0.56051,-0.040394,0.20403,0.22507,0.086939,-0.16202,-0.45937
-0.56729,-0.32046,-0.042826,0.19117,0.33649,0.50073,0.64977,0.75671,0.8942,1.0233,1.1366,1.2055,1.2838,1.3557,1.4092,1.4804,1.5382,1.5669,1.5693,1.4809,1.2512,0.9534,0.33832,-0.6075,-1.6015,-3.4469,-6.2172,-9.3356,-15.412,-13.266,-7.3368,-4.3663,-1.536,0.51528,1.7091,2.9634,3.9128,4.6133,5.0015,5.3534,5.54,5.5829,5.5235,5.3523,5.162,4.8394,4.4478,4.0037,3.6391,3.1022,2.5001,1.9911,1.2185,0.3019,-0.49731,-1.7284,-3.1591,-4.7722,-6.0775,-7.8631,-9.5134,-10.509,-11.344,-11.549,-11.213,-10.717,-9.8457,-8.8701,-8.1716,-7.384,-6.8048,-6.5178,-6.3522,-6.4334,-6.7421,-7.1012,-7.7225,-8.4159,-8.9127,-9.4563,-9.7385,-9.7449,-9.5142,-9.0824,-8.5238,-8.0531,-7.4253,-6.8223,-6.3921,-5.8338,-5.2901,-4.7141,-4.2247,-3.4819,-2.637,-1.938,-0.93119,0.11254,0.88037,1.8475,2.7277,3.4968,3.9912,4.535,4.9517,5.1776,5.3648,5.4235,5.3842,5.2205,4.9319,4.5167,4.1187,3.4653,2.664,1.9583,0.87191,-0.39799,-1.8518,-3.0325,-4.6361,-6.029,-6.7319,-7.0557,-6.8485,-6.5698,-6.2694,-6.248,-6.5876,-7.105,-8.1632,-9.5792,-10.693,-11.54,-10.873,-9.6533,-7.8559,-6.3349,-5.2168,-4.6568,-4.2662,-4.2656,-4.5165,-5.2483,-6.5202,-8.5603,-10.958,-16.624,-23.436,-15.53,-9.2823,-5.4063,-3.2035,-0.83481,1.0732,2.6735,3.7263,4.9615,6.0198,6.7057,7.483,8.1097,8.4831,8.8513,9.0612,9.1036,9.0185,8.7453,8.2921,7.8414,7.1175,6.3097,5.5282,5.0471,4.6488,4.5655,4.6634,4.8852,5.0905,5.1742,5.1536,4.9567,4.5956,4.2278,3.6462,3.024,2.5762,2.0525,1.6663,1.4819,1.3512,1.2917,1.2441,1.1783,1.026,0.79448,0.55445,0.10131,-0.51782,-1.2849
-0.55741,-0.77828,-1.1652,-1.6215,-1.9793,-2.4103,-2.6636,-2.6682,-2.386,-1.8139,-1.0589,-0.45712,0.30561,0.97223,1.396,1.8397,2.1482,2.2902,2.3525,2.2671,2.0299,1.7513,1.2508,0.61869,0.071603,-0.70614,-1.451,-1.9035,-2.2542,-2.242,-1.8487,-1.3624,-0.58306,0.23112,0.8128,1.5046,2.0583,2.4418,2.6103,2.6677,2.5237,2.2848,1.7924,1.1174,0.51616,-0.35783,-1.2247,-1.9411,-2.3196,-2.6075,-2.7222,-2.7799,-2.9087,-3.1877,-3.5382,-4.214,-5.1383,-6.3332,-7.4287,-9.1946,-11.376,-13.4,-16.974,-22.334,-26.682,-22.477,-17.594,-14.564,-13.014,-11.607,-10.785,-10.483,-10.463,-10.868,-11.711,-12.649,-14.357,-16.797,-19.38,-24.221,-28.009,-24.497,-19.553,-16.09,-13.461,-11.794,-9.8786,-8.2159,-7.0879,-5.7244,-4.4932,-3.362,-2.5751,-1.6014,-0.70928,-0.086801,0.67959,1.3685,1.8257,2.3522,2.7752,3.0833,3.2351,3.3262,3.2893,3.1827,2.9392,2.5782,2.2323,1.6756,1.0163,0.25623,-0.37779,-1.3178,-2.377,-3.2674,-4.6239,-6.2704,-8.3307,-10.288,-13.789,-18.97,-22.674,-18.916,-14.566,-12.509,-10.794,-9.8992,-9.6859,-9.9347,-10.797,-12.267,-13.596,-14.753,-13.823,-12.157,-9.8549,-7.9807,-6.5973,-5.8518,-5.2056,-4.9006,-4.8755,-5.0688,-5.4758,-6.0515,-6.4758,-6.7782,-6.5919,-6.1122,-5.0713,-3.7151,-2.6225,-1.2027,0.10464,1.306,2.1426,3.1592,4.0599,4.6682,5.4056,6.0658,6.5066,7.0091,7.4033,7.6872,7.8257,7.9154,7.9053,7.8372,7.6787,7.4637,7.2179,7.0286,6.7843,6.5569,6.3945,6.1803,5.9569,5.7739,5.5044,5.1984,4.8573,4.5827,4.1954,3.7993,3.5079,3.1299,2.7718,2.5162,2.1905,1.8605,1.5222,1.2452,0.81612,0.31675,-0.10327,-0.75123,-1.5538,-2.5755
-0.72794,-1.3226,-2.4113,-3.9467,-5.5251,-8.5733,-13.725,-19.107,-13.767,-7.9978,-4.4472,-2.5403,-0.62508,0.78356,1.5899,2.3936,2.9398,3.198,3.353,3.3145,3.1003,2.8287,2.3335,1.7086,1.1707,0.39388,-0.39491,-0.94783,-1.559,-1.9374,-2.0098,-1.8552,-1.4157,-0.81073,-0.32228,0.29157,0.79127,1.1119,1.2107,1.1281,0.75466,0.26291,-0.7269,-2.191,-3.6874,-6.4321,-10.579,-17.144,-18.668,-12.636,-8.8458,-7.089,-5.6048,-4.7923,-4.512,-4.4878,-4.8075,-5.4285,-6.0699,-7.1444,-8.4345,-9.499,-10.937,-12.091,-12.672,-12.668,-12.166,-11.466,-10.988,-10.551,-10.378,-10.442,-10.817,-11.514,-12.568,-13.589,-15.205,-17.165,-18.722,-20.519,-21.58,-21.599,-20.587,-18.607,-16.09,-14.114,-11.6,-9.3064,-7.7408,-5.8589,-4.2046,-2.7556,-1.8008,-0.69963,0.23728,0.84237,1.515,2.0297,2.3149,2.5612,2.6497,2.5778,2.4188,2.0668,1.5541,1.07,0.30664,-0.57807,-1.3114,-2.3673,-3.4874,-4.6418,-5.5078,-6.6289,-7.6477,-8.3072,-9.0303,-9.5728,-9.9982,-10.26,-10.5,-10.543,-10.388,-9.9298,-9.2486,-8.6713,-7.9549,-7.3586,-6.9173,-6.692,-6.4929,-6.3642,-6.2669,-6.0666,-5.7307,-5.4104,-4.9275,-4.4298,-3.9994,-3.7428,-3.4914,-3.3692,-3.368,-3.4458,-3.5611,-3.6703,-3.6993,-3.6484,-3.5141,-3.3377,-2.96,-2.4282,-1.9768,-1.3797,-0.80062,-0.22334,0.20081,0.75746,1.3405,1.823,2.5347,3.3076,3.901,4.6673,5.3639,5.9699,6.3487,6.7429,7.0071,7.1195,7.1638,7.1013,6.9492,6.7835,6.5077,6.1819,5.9112,5.5251,5.1185,4.8016,4.3789,3.9536,3.5357,3.2298,2.8303,2.4435,2.1636,1.8064,1.4633,1.2145,0.89426,0.57856,0.26982,0.037109,-0.30541,-0.7147,-1.0537,-1.5447,-2.1076,-2.8131
-1.4981,-1.6965,-2.1128,-2.7136,-3.2559,-4.0218,-4.5885,-4.6679,-4.1371,-2.9788,-1.5679,-0.54292,0.66941,1.6663,2.2672,2.8733,3.2711,3.4358,3.4753,3.3254,2.9824,2.5926,1.8875,0.95527,0.082136,-1.3519,-3.1667,-4.8509,-7.6103,-10.736,-12.11,-10.637,-7.693,-5.2065,-3.7475,-2.2662,-1.2144,-0.51506,-0.2017,-0.043752,-0.18097,-0.47025,-1.1053,-2.0294,-2.8956,-4.213,-5.5439,-6.511,-6.7698,-6.4691,-5.7444,-5.1476,-4.4891,-4.0604,-3.8903,-3.8573,-4.0368,-4.378,-4.713,-5.2425,-5.8365,-6.2849,-6.8675,-7.3764,-7.7904,-8.0485,-8.315,-8.5432,-8.7276,-9.0212,-9.396,-9.7704,-10.403,-11.183,-12.143,-13.002,-14.286,-15.81,-17.146,-19.427,-22.593,-26.315,-37.178,-27.623,-20.236,-16.651,-13.016,-10.174,-8.3556,-6.28,-4.5184,-3.024,-2.0615,-0.96907,-0.076736,0.47158,1.0311,1.3915,1.531,1.5436,1.3359,0.89673,0.41738,-0.42922,-1.5314,-2.5288,-4.0778,-5.8257,-7.2109,-9.0609,-10.854,-12.605,-13.994,-16.109,-18.621,-20.303,-20.225,-17.676,-15.025,-13.419,-11.703,-10.355,-9.5011,-8.513,-7.6805,-7.1255,-6.4638,-5.892,-5.3985,-5.0785,-4.7001,-4.3595,-4.1298,-3.8711,-3.6262,-3.4681,-3.2958,-3.1842,-3.1727,-3.2415,-3.4296,-3.7335,-4.0544,-4.5758,-5.1692,-5.7435,-6.1001,-6.4161,-6.4447,-6.2281,-5.712,-5.1125,-4.7318,-4.3954,-4.2753,-4.4215,-4.7474,-5.39,-5.9505,-5.9673,-5.0539,-3.3181,-1.8629,-0.05003,1.4814,2.7031,3.42,4.1237,4.5624,4.7339,4.7821,4.6466,4.3484,4.0339,3.5164,2.911,2.4201,1.7387,1.0496,0.53536,-0.12901,-0.75215,-1.3169,-1.6844,-2.1035,-2.4626,-2.7037,-2.9952,-3.2775,-3.5032,-3.8027,-4.089,-4.3204,-4.4134,-4.4237,-4.3732,-4.3361,-4.3102,-4.2937,-4.3304
-3.8777,-3.2758,-2.6025,-2.0889,-1.7815,-1.4264,-1.061,-0.75585,-0.30405,0.19644,0.73298,1.1307,1.6239,2.0495,2.3063,2.5518,2.6704,2.6705,2.5581,2.3061,1.9024,1.4975,0.80463,-0.082329,-0.88742,-2.1775,-3.7499,-5.1222,-7.1234,-8.9381,-9.612,-9.0209,-7.4309,-5.7329,-4.6118,-3.3741,-2.4357,-1.7493,-1.3922,-1.1068,-1.0158,-1.0622,-1.2493,-1.5491,-1.831,-2.2336,-2.6238,-2.9415,-3.1246,-3.2978,-3.4083,-3.4733,-3.5804,-3.7437,-3.9187,-4.2291,-4.6327,-5.1137,-5.5056,-6.0436,-6.5758,-6.9409,-7.38,-7.7726,-8.096,-8.3217,-8.6327,-8.9836,-9.2888,-9.7584,-10.31,-10.775,-11.449,-12.163,-12.888,-13.453,-14.162,-14.794,-15.244,-15.768,-16.08,-16.141,-15.872,-15.037,-13.647,-12.407,-10.71,-9.0453,-7.8436,-6.3539,-5.018,-3.8369,-3.0588,-2.1395,-1.3635,-0.89382,-0.42772,-0.14178,-0.060353,-0.14758,-0.48254,-1.0949,-1.7615,-2.9674,-4.5919,-6.1516,-8.8252,-12.434,-16.101,-23.134,-26.788,-22.294,-20.571,-19.945,-20.386,-20.752,-20.022,-17.911,-15.49,-13.891,-12.109,-10.725,-9.8938,-8.9926,-8.2731,-7.8333,-7.3222,-6.885,-6.4929,-6.2147,-5.8518,-5.4946,-5.2228,-4.8873,-4.5933,-4.4133,-4.2452,-4.2,-4.2935,-4.4792,-4.928,-5.6332,-6.3471,-7.6419,-9.4836,-12.081,-14.802,-19.254,-18.948,-15.498,-11.799,-9.4237,-8.2624,-7.298,-6.9003,-7.1492,-7.8343,-9.5365,-12.465,-15.065,-13.621,-8.8616,-6.0605,-3.3063,-1.3153,0.097079,0.83985,1.4733,1.7493,1.746,1.4861,0.94639,0.15381,-0.5848,-1.7303,-2.9995,-3.9793,-5.2566,-6.4464,-7.2808,-8.3407,-9.3665,-10.323,-10.881,-11.246,-11.154,-10.928,-10.649,-10.612,-10.826,-11.5,-12.545,-13.765,-14.343,-13.879,-12.239,-10.825,-9.2062,-8.0163,-7.1481
-5.3086,-4.1361,-2.9048,-1.9474,-1.3551,-0.69133,-0.13836,0.22607,0.67525,1.0664,1.3895,1.59,1.7986,1.9295,1.9678,1.947,1.8447,1.7198,1.5035,1.2242,0.88597,0.59795,0.15719,-0.36014,-0.79239,-1.4347,-2.1154,-2.6309,-3.2739,-3.7608,-4.0227,-4.0727,-3.9348,-3.618,-3.3163,-2.8751,-2.4374,-2.063,-1.8428,-1.6493,-1.5655,-1.5812,-1.6865,-1.8586,-2.018,-2.2449,-2.4637,-2.6678,-2.7976,-2.9556,-3.1391,-3.3183,-3.6199,-4.0269,-4.4345,-5.1203,-5.9629,-6.9687,-7.8097,-8.9197,-9.8563,-10.335,-10.586,-10.516,-10.298,-10.145,-10.087,-10.233,-10.486,-11.047,-11.86,-12.594,-13.731,-14.92,-15.875,-16.303,-16.409,-16.006,-15.512,-14.689,-13.842,-13.191,-12.299,-11.38,-10.425,-9.7038,-8.7597,-7.8099,-7.1174,-6.2415,-5.4037,-4.6007,-4.0159,-3.2571,-2.5438,-2.0577,-1.4925,-1.0463,-0.82137,-0.69503,-0.78727,-1.1335,-1.5895,-2.4674,-3.6538,-4.7545,-6.5127,-8.5489,-10.104,-11.864,-12.85,-13.019,-12.869,-12.573,-12.262,-12.02,-11.655,-11.163,-10.661,-10.3,-9.8471,-9.4613,-9.2425,-9.0729,-9.0002,-9.0179,-9.0989,-9.1843,-9.2105,-9.1343,-8.8744,-8.4263,-7.9823,-7.285,-6.5916,-6.1127,-5.5794,-5.2255,-5.0392,-5.0245,-5.2211,-5.6675,-6.1632,-7.0684,-8.2307,-9.5984,-10.592,-11.557,-11.481,-10.532,-8.8605,-7.3534,-6.3855,-5.2713,-4.4656,-3.9712,-3.723,-3.5269,-3.3918,-3.1652,-2.6052,-1.8538,-1.2373,-0.40442,0.33186,0.86067,1.0844,1.1462,0.92668,0.56706,-0.20865,-1.3585,-2.9259,-4.4251,-6.9332,-10.135,-12.978,-16.502,-17.463,-16.919,-16.651,-17.653,-20.75,-25.971,-36.985,-22.109,-18.219,-15.417,-14.132,-13.848,-14.346,-15.845,-18.58,-20.731,-19.434,-15.843,-13.503,-10.91,-8.9788,-7.7007
-2.8221,-2.17,-1.457,-0.87355,-0.48548,0.00032219,0.44694,0.75538,1.1446,1.4945,1.7597,1.8902,1.9489,1.8479,1.6685,1.3031,0.83086,0.44407,-0.047503,-0.42685,-0.62623,-0.67714,-0.66553,-0.65462,-0.69772,-0.86427,-1.165,-1.477,-1.9956,-2.5658,-3.1244,-3.4706,-3.7336,-3.7162,-3.5277,-3.1159,-2.6255,-2.1913,-1.9426,-1.7594,-1.7641,-1.8931,-2.2222,-2.6779,-3.0498,-3.5033,-3.7872,-3.8559,-3.7721,-3.5491,-3.3215,-3.2185,-3.2395,-3.5061,-3.9031,-4.7542,-6.033,-7.8858,-9.7922,-13.444,-19.615,-26.024,-19.459,-14.405,-11.728,-10.538,-9.6427,-9.3632,-9.5055,-10.154,-11.348,-12.652,-15.117,-18.895,-25.659,-38.989,-25.244,-19.277,-16.705,-14.278,-12.577,-11.536,-10.328,-9.2985,-8.456,-7.9349,-7.3592,-6.9029,-6.6765,-6.5039,-6.3913,-6.2109,-5.9215,-5.2434,-4.2535,-3.3782,-2.1642,-1.0602,-0.36179,0.35093,0.80292,0.99463,0.97659,0.7359,0.27128,-0.19313,-0.93081,-1.7457,-2.365,-3.1597,-3.8725,-4.4701,-4.8467,-5.2735,-5.6281,-5.8724,-6.1831,-6.4755,-6.7727,-7.0046,-7.3694,-7.8089,-8.1887,-8.8127,-9.5841,-10.288,-11.447,-12.895,-14.615,-15.803,-16.204,-14.594,-12.798,-10.446,-8.4533,-7.2342,-5.9449,-4.981,-4.3443,-4.0497,-3.8531,-3.8838,-4.0351,-4.338,-4.6638,-4.9406,-5.0367,-4.9642,-4.5443,-4.0323,-3.26,-2.3958,-1.6764,-0.72093,0.093568,0.77728,1.232,1.7398,2.1835,2.4893,2.8377,3.1119,3.288,3.479,3.559,3.4906,3.3419,2.9992,2.4626,1.9114,0.95575,-0.27173,-1.8283,-3.2565,-5.5491,-8.3123,-10.537,-12.887,-13.271,-12.71,-11.949,-11.609,-11.61,-11.683,-11.508,-10.876,-10.237,-9.3969,-8.7797,-8.487,-8.3662,-8.413,-8.5114,-8.6037,-8.4296,-7.839,-7.3477,-6.7588,-6.0839,-5.3922
0.53868,0.4161,0.15104,-0.17839,-0.40056,-0.51096,-0.25813,0.17016,0.89849,1.6524,2.2851,2.6045,2.7522,2.5371,2.1147,1.129,-0.40717,-1.9746,-4.5506,-6.5789,-5.9374,-4.2817,-2.1763,-0.68872,0.01022,0.46144,0.40127,0.042482,-0.86937,-2.3572,-4.4827,-6.473,-9.1067,-9.3014,-7.5438,-4.9609,-2.996,-1.684,-1.0636,-0.66089,-0.75074,-1.1249,-2.0734,-3.6464,-5.2934,-8.1377,-10.603,-9.624,-7.451,-4.8773,-3.0254,-2.0457,-1.2203,-0.87735,-0.8771,-1.2178,-1.9262,-2.9378,-3.8934,-5.3053,-6.5193,-6.9975,-6.8702,-6.1984,-5.3934,-4.9157,-4.5119,-4.445,-4.6431,-5.2085,-6.1207,-7.0251,-8.429,-9.9821,-11.301,-11.934,-12.167,-11.775,-11.269,-10.442,-9.5661,-8.8297,-7.8613,-6.9285,-6.1195,-5.6452,-5.2138,-5.1519,-5.4234,-6.2726,-7.9792,-11.125,-14.863,-15.559,-9.0925,-5.5181,-2.0761,0.36541,1.746,3.1437,4.1182,4.7417,5.0257,5.179,5.0892,4.8903,4.4892,3.9619,3.4862,2.7876,2.047,1.2729,0.68719,-0.092643,-0.87872,-1.4535,-2.2357,-3.0516,-3.8785,-4.5101,-5.4326,-6.4444,-7.2353,-8.2975,-9.4099,-10.269,-11.569,-13.194,-15.363,-17.223,-18.185,-15.575,-12.755,-9.498,-7.003,-5.4692,-3.8797,-2.6709,-1.8457,-1.475,-1.2461,-1.3091,-1.5603,-2.1156,-2.8729,-3.6316,-3.9879,-3.8046,-2.7726,-1.7049,-0.18333,1.374,2.4807,3.7304,4.7381,5.5825,6.0912,6.6197,7.035,7.2439,7.3745,7.4037,7.3715,7.2226,6.9354,6.5448,6.197,5.6443,4.9878,4.4458,3.6922,2.9048,2.0853,1.4643,0.65841,-0.076922,-0.55557,-1.0626,-1.3485,-1.4405,-1.4596,-1.4322,-1.3361,-1.2557,-1.1659,-1.0628,-1.0023,-0.96062,-0.97233,-1.0652,-1.2665,-1.5785,-1.8942,-2.1969,-2.7255,-3.1393,-3.2834,-3.403,-3.4941,-3.3157
1.1843,0.34579,-1.2388,-3.6625,-6.3771,-11.756,-12.034,-7.5524,-3.2503,-0.51102,1.2682,2.1364,2.7888,2.941,2.7267,1.9754,0.64466,-0.74459,-3.0002,-4.7531,-4.0845,-2.5089,-0.44622,1.0509,1.7831,2.282,2.2663,1.934,1.0771,-0.29117,-2.1947,-3.9245,-5.9824,-6.1845,-5.0039,-3.0454,-1.434,-0.3056,0.2345,0.56697,0.47912,0.13514,-0.70141,-2.0121,-3.3028,-5.2687,-6.6188,-6.0915,-4.7119,-2.7147,-1.0884,-0.17522,0.68031,1.1947,1.3929,1.4508,1.3073,1.0194,0.75746,0.39986,0.10154,-0.075137,-0.18981,-0.22249,-0.23367,-0.24172,-0.32633,-0.53553,-0.77799,-1.2353,-1.856,-2.4384,-3.3516,-4.4079,-5.5994,-6.5288,-7.9275,-9.5124,-10.777,-12.303,-12.609,-11.699,-9.7105,-7.7263,-6.0817,-5.0934,-4.1618,-3.6635,-3.5132,-3.6177,-4.0254,-4.5738,-4.749,-4.1246,-2.4973,-0.90615,1.1989,3.0122,4.1594,5.3973,6.3224,6.9529,7.238,7.4013,7.3412,7.1535,6.7216,6.0996,5.5254,4.6273,3.5894,2.4414,1.5301,0.29266,-0.9181,-1.7737,-2.821,-3.8272,-4.8826,-5.7902,-7.1775,-8.8924,-10.433,-12.553,-14.146,-14.422,-13.716,-12.673,-11.666,-10.965,-9.9385,-8.691,-7.689,-6.2636,-4.8167,-3.7701,-2.4828,-1.401,-0.54739,-0.084148,0.20459,0.088058,-0.2984,-1.3785,-3.3346,-6.8678,-11.955,-19.401,-7.4011,-3.2618,0.36248,2.9628,4.4143,5.854,6.938,7.74,8.1623,8.5301,8.6791,8.6656,8.5417,8.296,8.0142,7.5112,6.9101,6.1978,5.5669,4.6203,3.6167,2.8936,2.0693,1.571,1.4819,1.6393,2.0003,2.4272,2.7413,3.1263,3.4457,3.6413,3.8585,4.0193,4.1082,4.1464,4.1451,4.0661,3.9555,3.7183,3.3641,3.0026,2.3973,1.592,0.56054,-0.31369,-1.7987,-3.788,-5.4606,-7.4637,-8.4658,-7.8104
-1.3719,-1.981,-3.0316,-4.31,-5.2892,-6.2791,-6.1766,-5.3017,-3.7433,-2.1667,-0.85644,-0.091964,0.66828,1.1385,1.3042,1.3455,1.2148,1.0614,0.85028,0.76461,0.87777,1.0618,1.3888,1.6847,1.8392,1.8991,1.7704,1.5359,1.059,0.44795,-0.25036,-0.75274,-1.2999,-1.657,-1.7562,-1.7482,-1.6211,-1.4653,-1.3669,-1.3147,-1.334,-1.425,-1.6271,-1.8881,-2.0955,-2.3195,-2.409,-2.3043,-2.1239,-1.8062,-1.4459,-1.226,-1.0198,-0.90394,-0.90031,-0.96553,-1.0849,-1.2575,-1.3806,-1.5197,-1.6402,-1.7126,-1.7829,-1.8064,-1.8335,-1.859,-1.9356,-2.0622,-2.1958,-2.462,-2.8481,-3.2206,-3.8783,-4.7106,-5.8237,-6.8379,-8.5267,-10.783,-12.984,-16.625,-18.755,-16.661,-13.17,-10.475,-8.5183,-7.4072,-6.3042,-5.4399,-4.8688,-4.2229,-3.5934,-2.8995,-2.3298,-1.4603,-0.46347,0.35987,1.4545,2.461,3.1486,3.9163,4.4926,4.8787,5.0176,5.0017,4.7848,4.4781,3.8696,3.0312,2.2517,0.97662,-0.5958,-2.492,-4.153,-6.6382,-9.1865,-10.74,-11.595,-11.382,-11.146,-11.266,-11.937,-13.394,-15.214,-18.65,-22.587,-22.041,-18.202,-15.328,-13.503,-12.587,-11.839,-11.266,-10.83,-10.077,-8.9254,-7.8318,-6.1836,-4.5821,-3.2051,-2.3176,-1.4196,-0.88571,-0.7059,-0.72323,-0.94204,-1.2136,-1.2887,-0.99326,-0.14321,0.6678,1.9222,3.143,3.8703,4.6322,5.205,5.495,5.5486,5.4331,5.0691,4.6936,4.1034,3.3808,2.7871,2.0136,1.2413,0.3163,-0.54787,-2.0277,-4.1224,-6.3767,-10.726,-14.003,-9.7208,-6.4487,-3.3753,-1.2834,-0.13163,1.0348,1.8491,2.2987,2.7225,2.9992,3.1278,3.1487,3.103,2.9615,2.7983,2.489,2.0541,1.647,0.94402,0.021424,-1.2324,-2.3352,-4.1183,-6.7007,-9.2094,-12.81,-15.585,-13.747
-3.2013,-3.2709,-3.4358,-3.5861,-3.6447,-3.6496,-3.4986,-3.2112,-2.7043,-2.1037,-1.4693,-1.0006,-0.40761,0.09627,0.40458,0.74935,1.0128,1.1749,1.3572,1.5233,1.6579,1.7469,1.8364,1.8787,1.8644,1.7563,1.56,1.3317,0.91112,0.39222,-0.21542,-0.69315,-1.3776,-2.083,-2.5929,-3.2146,-3.7083,-4.0429,-4.1652,-4.1408,-3.9446,-3.7371,-3.443,-3.1642,-2.9847,-2.7897,-2.6658,-2.5686,-2.5352,-2.5897,-2.7282,-2.9033,-3.2142,-3.6326,-4.0202,-4.5604,-5.0406,-5.3965,-5.5515,-5.6253,-5.5777,-5.4786,-5.3616,-5.2283,-5.1023,-5.0094,-4.8618,-4.6791,-4.5324,-4.3852,-4.2838,-4.264,-4.3473,-4.5685,-4.9951,-5.4294,-6.1289,-6.9292,-7.5351,-8.2255,-8.6558,-8.7216,-8.6504,-8.4716,-8.2645,-8.1461,-7.9943,-7.6831,-7.3125,-6.6134,-5.6328,-4.4644,-3.5291,-2.2918,-1.0963,-0.26238,0.71554,1.5564,2.092,2.6425,2.994,3.1468,3.1389,2.9592,2.5725,2.1598,1.4457,0.52798,-0.31147,-1.6702,-3.3404,-5.4402,-7.4097,-10.811,-15.513,-19.22,-18.375,-14.888,-12.637,-11.623,-10.999,-10.846,-10.964,-11.189,-11.411,-11.446,-11.341,-11.212,-11.282,-11.554,-12.458,-14.413,-16.946,-23.43,-21.606,-15.444,-10.329,-6.8738,-4.3624,-2.9441,-1.4596,-0.33455,0.30618,0.96948,1.4698,1.8729,2.1527,2.5284,2.9029,3.1908,3.622,3.9497,4.1049,4.2403,4.2063,3.8971,3.5047,2.7265,1.6325,0.58733,-1.181,-3.2124,-4.5906,-5.6724,-5.7206,-5.2739,-4.9795,-4.9956,-5.5704,-6.278,-7.1939,-7.4051,-6.3015,-4.9778,-3.2,-1.6988,-0.80214,0.0932,0.71598,1.0313,1.2686,1.3598,1.3446,1.2679,1.1115,0.92191,0.75743,0.53253,0.2653,0.03358,-0.36824,-0.84846,-1.5436,-2.1901,-3.0385,-4.0649,-4.9746,-5.9537,-6.7141,-7.4167
-4.796,-4.4196,-4.0483,-3.8436,-3.7825,-3.7047,-3.6235,-3.5521,-3.2946,-2.8811,-2.3338,-1.8514,-1.1921,-0.56265,-0.10945,0.41336,0.86043,1.1441,1.4732,1.7431,1.9508,2.0851,2.2072,2.2718,2.2659,2.1736,1.9579,1.7249,1.2897,0.69109,-0.064062,-0.77077,-1.8837,-3.2199,-4.4003,-6.1787,-8.1022,-9.6551,-10.041,-9.2787,-7.8259,-6.697,-5.3876,-4.3769,-3.7971,-3.2319,-2.886,-2.7555,-2.777,-2.9665,-3.3975,-3.8608,-4.7356,-5.9502,-7.069,-8.896,-10.895,-12.305,-12.445,-11.579,-10.398,-9.6673,-9.0393,-8.8459,-8.8724,-8.9228,-8.7502,-8.1501,-7.4539,-6.3287,-5.2206,-4.5073,-3.7493,-3.2395,-2.9236,-2.8456,-2.9011,-3.109,-3.3359,-3.7295,-4.2129,-4.6785,-5.3842,-6.2936,-7.5128,-8.7095,-10.724,-13.194,-14.527,-13.217,-9.9221,-6.9169,-5.0222,-2.9308,-1.2273,-0.19145,0.92424,1.803,2.2802,2.7012,2.8872,2.8184,2.631,2.2139,1.6056,1.0621,0.26706,-0.58158,-1.2297,-2.0841,-2.9717,-3.9073,-4.6304,-5.5745,-6.3791,-6.8012,-6.9848,-6.819,-6.4727,-6.165,-5.8411,-5.6184,-5.488,-5.3973,-5.335,-5.32,-5.3582,-5.4886,-5.7465,-6.0639,-6.6123,-7.3624,-7.9161,-8.2616,-7.6434,-6.5174,-4.5973,-2.6924,-0.96551,0.14896,1.3715,2.3663,2.9756,3.6322,4.1258,4.4967,4.7109,4.9351,5.0897,5.2013,5.2732,5.2431,5.2093,5.0731,4.7355,4.2529,3.73,2.7404,1.3679,-0.078906,-2.6688,-6.4165,-10.669,-14.582,-9.7018,-5.9806,-4.1701,-2.6684,-1.7725,-1.3107,-0.87634,-0.51212,-0.0981,0.22371,0.63784,0.98359,1.1757,1.289,1.2474,1.1036,0.7842,0.31118,-0.23911,-0.66783,-1.2028,-1.5931,-1.7435,-1.7389,-1.5494,-1.3492,-1.0802,-0.86305,-0.72022,-0.77406,-0.97176,-1.1618,-1.4409,-1.9634,-2.4455,-3.0797
-5.4158,-4.4622,-3.756,-3.6244,-3.8725,-4.5232,-5.4146,-6.1333,-6.6123,-6.1282,-4.8671,-3.758,-2.4157,-1.2927,-0.59775,0.11737,0.64155,0.93903,1.2585,1.5265,1.8209,2.0476,2.3432,2.5982,2.7381,2.842,2.7824,2.6339,2.2906,1.7386,0.95341,0.19301,-1.0498,-2.6477,-4.172,-6.8039,-10.556,-15.924,-18.023,-13.113,-9.0608,-7.0424,-5.1371,-3.8442,-3.1536,-2.5454,-2.1735,-2.0465,-2.089,-2.2538,-2.6442,-3.1155,-4.0621,-5.4429,-6.8447,-9.5352,-13.594,-18.287,-17.479,-13.491,-10.811,-9.7864,-9.3308,-9.9632,-11.947,-14.836,-22.398,-17.722,-12.203,-7.6814,-4.7372,-3.1484,-1.5688,-0.48569,0.27299,0.65192,0.92831,0.98259,0.88699,0.59373,0.1043,-0.40817,-1.2566,-2.3752,-3.8178,-5.1468,-7.3413,-9.7662,-10.849,-10.037,-7.3737,-4.6511,-2.9051,-0.91644,0.70537,1.7002,2.7949,3.594,3.9802,4.2343,4.1921,3.838,3.3373,2.371,1.1159,0.007786,-1.5316,-2.7635,-3.2339,-3.2278,-2.8148,-2.3171,-2.0017,-1.6844,-1.45,-1.3374,-1.1935,-1.026,-0.85385,-0.73613,-0.54876,-0.37474,-0.23943,-0.083789,0.08813,0.20837,0.35338,0.48224,0.58589,0.63556,0.71056,0.83866,0.97308,1.2679,1.7264,2.1784,2.8961,3.6774,4.4316,4.9716,5.6335,6.1728,6.5007,6.8241,7.0211,7.1115,7.1031,7.0226,6.8911,6.7684,6.5522,6.4134,6.3529,6.2294,6.1093,5.9896,5.8062,5.4205,4.8402,4.3274,3.5644,2.7174,2.2433,1.9836,2.085,2.5775,3.0158,3.5442,4.0067,4.2633,4.4818,4.6121,4.6289,4.5697,4.403,4.1104,3.7985,3.266,2.5611,1.9047,0.85674,-0.46589,-2.1181,-3.5644,-5.7541,-7.7195,-8.1851,-6.9317,-4.7605,-3.2584,-1.562,-0.35181,0.61856,1.1858,1.5862,1.8381,1.9889,1.93,1.7382,1.4828
-0.97069,-0.50944,-0.39494,-0.84839,-1.6028,-3.4444,-6.4246,-10.115,-19.985,-13.583,-7.3346,-4.7417,-2.5371,-1.1563,-0.56275,-0.17903,-0.15287,-0.2834,-0.5419,-0.65924,-0.38165,0.067971,0.92404,1.8223,2.4178,3.0248,3.3986,3.4757,3.344,2.9753,2.3741,1.8111,0.87645,-0.15978,-0.98297,-2.0637,-3.0054,-3.6434,-3.7907,-3.555,-3.0176,-2.5041,-1.9394,-1.5576,-1.4295,-1.4389,-1.5852,-1.7043,-1.7427,-1.7239,-1.5732,-1.4992,-1.48,-1.6638,-1.9768,-2.4737,-3.0252,-3.3848,-3.496,-3.3503,-3.1271,-3.0547,-3.2205,-3.641,-4.3295,-4.876,-5.1637,-4.4421,-3.326,-1.4992,0.20339,1.3236,2.5551,3.5315,4.2093,4.5727,4.8682,4.9689,4.9161,4.691,4.3083,3.9328,3.2594,2.4574,1.5475,0.8199,-0.10076,-0.8101,-1.17,-1.2101,-0.7464,0.13473,1.0031,2.2738,3.5322,4.4113,5.4414,6.1866,6.5684,6.7971,6.6514,6.1222,5.4089,3.974,1.8363,-0.45573,-5.1587,-15.654,-19.161,-7.2654,-3.0333,-0.69254,0.42545,1.4192,2.0339,2.3449,2.5859,2.7137,2.7837,2.8099,2.8727,2.9925,3.1159,3.3697,3.6863,3.9705,4.392,4.835,5.2761,5.6011,5.9883,6.3654,6.6393,6.9969,7.3534,7.6143,7.9668,8.3192,8.6459,8.858,9.1143,9.2945,9.3676,9.3597,9.2234,8.9244,8.5846,7.9646,7.1824,6.4976,5.6756,5.1806,5.0663,5.4033,6.1817,6.9503,7.4768,8.0637,8.4541,8.674,8.8001,8.8695,8.9264,8.9504,9.0116,9.1115,9.1542,9.2073,9.2111,9.1539,9.0049,8.7587,8.3773,8.0079,7.3989,6.6387,5.9566,4.9125,3.6998,2.6908,1.1956,-0.4647,-2.4391,-4.1856,-7.0859,-10.462,-11.47,-8.4684,-4.7853,-2.5466,-0.23901,1.5125,2.6819,3.406,4.2011,4.6174,4.8534,5.1177,5.1662,5.1666
3.5766,3.5299,3.2606,2.728,2.1568,1.1113,-0.023355,-0.83595,-1.6687,-1.9168,-1.6925,-1.4279,-1.1222,-1.0155,-1.2026,-1.8171,-3.0042,-4.4207,-7.3806,-12.319,-13.867,-9.1864,-4.562,-1.6561,-0.16089,1.1329,1.8735,2.1127,2.0404,1.6257,0.93359,0.2843,-0.72508,-1.6439,-2.1747,-2.5575,-2.5901,-2.323,-2.0167,-1.5929,-1.2844,-1.1308,-1.1579,-1.5324,-2.1328,-3.3961,-5.3632,-7.623,-8.5147,-7.295,-4.7824,-3.0811,-1.3474,-0.18104,0.40153,0.9535,1.2792,1.4517,1.5151,1.5756,1.562,1.563,1.4929,1.399,1.336,1.3558,1.5228,1.8403,2.2048,2.8194,3.4731,3.9651,4.5688,5.0942,5.4937,5.6938,5.849,5.8696,5.809,5.6216,5.3136,5.0077,4.4604,3.789,2.955,2.2288,1.1225,-0.18316,-1.2587,-2.5146,-3.106,-2.4021,-1.0989,0.99682,2.9883,4.3107,5.7457,6.796,7.3727,7.8345,7.9203,7.6467,7.2306,6.3485,5.132,4.0777,2.6102,1.4586,1.0648,1.1362,1.6192,2.1537,2.4694,2.7303,2.79,2.7608,2.5969,2.2942,1.919,1.615,1.1919,0.90744,0.86533,1.1825,1.8696,2.5719,3.6141,4.6314,5.5515,6.1669,6.8535,7.3786,7.6887,7.9971,8.2049,8.306,8.3824,8.412,8.4606,8.5027,8.5361,8.5697,8.5666,8.4871,8.2494,7.7682,7.2134,6.0788,4.3387,2.4943,-1.194,-8.1924,-10.37,-2.5715,2.1046,4.8737,6.3661,7.8726,8.9653,9.5428,10.088,10.516,10.708,10.849,10.944,10.906,10.833,10.692,10.442,10.203,9.8067,9.2702,8.6183,8.032,7.079,5.9373,4.921,3.3458,1.5435,0.095645,-1.8903,-3.4758,-4.4775,-4.8113,-4.7577,-4.2779,-3.6558,-2.5656,-1.2633,-0.2477,0.98892,2.1109,3.044,3.4544,3.9802,4.3351,4.3879,4.5253,4.658,4.7524
4.6468,4.5793,4.3619,3.9597,3.5511,2.9208,2.1038,1.4941,0.65254,-0.19121,-1.0197,-1.6121,-2.3352,-3.0675,-3.5376,-4.1779,-4.94,-5.68,-6.7543,-7.6559,-7.3667,-6.4054,-4.5718,-2.8832,-1.9038,-1.0184,-0.67938,-0.70232,-1.1248,-2.0459,-3.4949,-4.9742,-7.4168,-10.61,-12.661,-12.349,-9.5412,-6.9465,-5.4256,-3.9396,-2.8938,-2.452,-2.2371,-2.5035,-3.0367,-4.2876,-6.3017,-8.8122,-9.8707,-8.4036,-5.4317,-3.5264,-1.586,-0.24683,0.51444,1.1703,1.5819,1.7835,1.8556,1.8238,1.7067,1.5976,1.4531,1.2908,1.1554,1.0991,1.0931,1.1951,1.3517,1.6064,1.946,2.218,2.5552,2.796,2.9632,3.0187,2.9888,2.8649,2.7346,2.5392,2.3177,2.1244,1.8701,1.4835,0.91132,0.30763,-0.86603,-2.5958,-4.4218,-8.3586,-14.558,-11.607,-6.608,-2.2021,0.79177,2.5044,4.2323,5.5279,6.2489,6.8956,7.2568,7.3207,7.2127,6.8661,6.3316,5.8501,5.1364,4.4065,3.8685,3.182,2.5278,1.8479,1.3305,0.60483,-0.11042,-0.68342,-1.4098,-2.203,-3.2025,-4.1597,-5.9911,-8.6364,-10.848,-10.974,-7.1819,-4.4291,-1.5201,0.6395,2.241,3.136,4.0414,4.6192,4.8629,4.9597,4.8178,4.5855,4.1411,3.6029,3.1159,2.9053,2.8674,3.1429,3.4674,3.9184,4.2195,4.2841,4.131,3.6365,2.7898,1.9334,0.54412,-0.27763,-0.39186,0.62666,2.2378,3.7402,4.8176,5.9548,6.8683,7.3761,7.936,8.3084,8.455,8.5767,8.5463,8.3744,8.2037,7.8644,7.4404,7.0823,6.5338,5.9114,5.2052,4.5803,3.5767,2.3202,1.1614,-0.79409,-3.3916,-5.9896,-11.073,-20.809,-19.127,-13.235,-9.1581,-6.7012,-5.3159,-3.7837,-2.4895,-1.6571,-0.71336,-0.10213,0.43323,0.63143,0.45037,0.20131,-0.17814,-0.93291,-1.3513,-1.3202
4.759,4.8352,4.7619,4.488,4.1415,3.506,2.6417,1.8377,0.56839,-0.98273,-2.8198,-4.366,-6.5445,-8.2016,-8.5873,-7.9994,-6.8709,-6.039,-5.1139,-4.237,-3.4889,-2.9426,-2.2632,-1.7003,-1.4225,-1.2734,-1.4304,-1.8034,-2.6069,-3.8063,-5.4188,-6.9088,-9.3566,-12.135,-13.702,-13.276,-10.707,-8.0137,-6.3696,-4.5777,-3.1904,-2.3999,-1.6723,-1.2634,-1.131,-1.1413,-1.2213,-1.295,-1.2131,-0.89993,-0.3917,0.055722,0.60077,1.0315,1.2434,1.3642,1.297,1.0941,0.8578,0.46546,0.040908,-0.33931,-0.83504,-1.319,-1.7902,-2.1327,-2.5174,-2.7044,-2.6944,-2.4221,-1.9249,-1.5026,-0.9901,-0.64305,-0.57602,-0.70758,-1.1471,-1.817,-2.3853,-2.9696,-3.0583,-2.7584,-2.1005,-1.4454,-0.98873,-0.85157,-0.91483,-1.2009,-1.5506,-1.9171,-1.9503,-1.4492,-0.72236,0.54085,1.9274,2.9065,4.0744,5.0938,5.7081,6.3431,6.767,6.9903,6.9967,6.8497,6.5102,6.1228,5.4701,4.6349,3.8876,2.7369,1.3559,-0.25808,-1.6396,-3.6418,-5.5882,-6.7711,-7.5939,-7.6459,-7.6352,-7.8733,-8.5205,-9.8021,-10.664,-10.28,-7.8161,-5.6745,-3.2036,-1.2555,0.1899,0.99727,1.6937,2.0547,2.0896,1.8181,1.1556,0.3582,-1.1604,-3.3092,-6.3567,-8.7979,-9.0521,-5.8971,-3.5968,-1.2722,0.34708,1.4436,1.9601,2.3596,2.4841,2.4196,2.3908,2.2833,2.2642,2.4876,2.7199,3.1315,3.4753,3.9379,4.3428,4.6598,5.0301,5.2074,5.3029,5.2747,5.0188,4.6632,4.2459,3.562,2.8306,2.2513,1.5635,1.0599,0.64373,0.37569,-0.032037,-0.65347,-1.2849,-2.4322,-3.9832,-5.3231,-7.2608,-8.7748,-9.3533,-9.1927,-8.4624,-7.5033,-6.7572,-5.709,-4.6271,-3.8154,-2.8765,-2.0968,-1.8951,-1.8273,-2.2644,-3.5262,-4.8113,-8.1171,-14.948,-21.366
4.3548,4.6132,4.7214,4.5885,4.313,3.6942,2.839,1.9569,0.50216,-1.3823,-3.8434,-6.2813,-10.733,-17.493,-17.601,-11.817,-8.1019,-6.1977,-4.3713,-3.0282,-2.1064,-1.5352,-1.0274,-0.76376,-0.73649,-0.95578,-1.4199,-1.9992,-3.0414,-4.3577,-5.8977,-7.1411,-8.6677,-9.6213,-9.8498,-9.4301,-8.2618,-6.6948,-5.4958,-3.8979,-2.5596,-1.665,-0.67146,0.11952,0.57413,1.0276,1.3832,1.63,1.7732,1.9435,2.0289,2.0391,1.9429,1.7274,1.4227,0.88704,0.14025,-0.78734,-1.5932,-2.7021,-3.7489,-4.4692,-5.3142,-6.0837,-6.981,-7.889,-9.5252,-11.497,-12.369,-11.087,-8.4566,-6.6886,-4.9227,-3.8302,-3.4708,-3.6917,-4.7058,-6.8184,-9.5661,-16.669,-19.267,-11.768,-6.8204,-4.0242,-2.2931,-1.4511,-0.72842,-0.35059,-0.20524,-0.036594,0.092414,0.36191,0.66031,1.2097,1.9178,2.5142,3.3608,4.191,4.7414,5.4059,5.8823,6.1992,6.2964,6.252,5.9926,5.6491,4.9965,4.0987,3.258,1.8608,0.10066,-2.1245,-4.2372,-7.9998,-13.864,-22.767,-19.771,-12.868,-9.6564,-8.2746,-6.9935,-6.131,-5.5409,-4.7739,-3.8689,-3.1354,-2.1674,-1.2824,-0.58662,-0.18116,0.12614,0.16997,0.014909,-0.44369,-1.2322,-2.0771,-3.6065,-5.529,-7.9437,-9.4111,-9.525,-7.325,-5.4115,-3.1971,-1.4777,-0.17816,0.53232,1.1646,1.5127,1.6085,1.6258,1.3073,1.1001,0.66985,0.15705,-0.10542,-0.30267,-0.22994,0.071199,0.44053,0.87842,1.1982,1.3741,1.2843,0.94095,0.27982,-0.53371,-1.9125,-3.802,-5.4887,-7.4838,-7.9179,-6.6049,-5.3094,-3.9282,-3.0937,-2.8064,-2.8115,-3.1745,-3.6368,-4.4928,-5.5912,-6.8031,-7.8886,-9.5324,-11.203,-11.824,-10.849,-8.5509,-6.8217,-4.9775,-3.4923,-2.7007,-2.4444,-2.2938,-2.8969,-3.3902,-4.364,-5.2269,-5.3013
3.3543,3.7348,4.0001,3.9947,3.8239,3.3581,2.6707,1.9813,0.86415,-0.45794,-1.9285,-3.0401,-4.3977,-5.3423,-5.5949,-5.3656,-4.6448,-3.9784,-3.0197,-2.171,-1.4546,-1.0269,-0.65367,-0.52058,-0.58116,-0.92547,-1.5875,-2.3037,-3.5982,-5.3488,-7.6859,-9.986,-14.075,-19.719,-20.139,-14.749,-10.677,-7.8333,-6.1279,-4.2385,-2.6912,-1.7229,-0.61996,0.28504,0.8476,1.4598,1.8976,2.2161,2.3483,2.4054,2.3132,2.1301,1.732,1.1069,0.47067,-0.63827,-2.103,-4.0382,-5.8579,-8.8405,-12.29,-13.96,-13.687,-12.266,-11.516,-11.584,-12.685,-14.783,-15.897,-13.936,-10.253,-7.9858,-5.7538,-4.3512,-3.5925,-3.4244,-3.6797,-4.3898,-5.088,-5.8842,-5.8052,-5.0902,-3.7896,-2.5264,-1.5767,-1.0963,-0.74301,-0.71916,-0.84538,-1.227,-1.7438,-2.2326,-2.4625,-2.4133,-1.8532,-1.1457,0.051208,1.2388,2.0773,3.0459,3.803,4.3119,4.5644,4.6671,4.5307,4.2833,3.723,2.9284,2.1711,0.94731,-0.48947,-2.1498,-3.4924,-5.3166,-6.9138,-7.7415,-8.1375,-7.7674,-7.0412,-6.3745,-5.6499,-4.9766,-4.5296,-3.9881,-3.5168,-3.2025,-2.8203,-2.5028,-2.2594,-2.166,-2.1026,-2.223,-2.4283,-2.8595,-3.4657,-3.9978,-4.7865,-5.5491,-6.0823,-6.3527,-6.1381,-5.489,-4.771,-3.6809,-2.5374,-1.588,-0.98642,-0.42123,-0.14173,-0.090388,-0.46766,-1.0886,-1.8582,-3.4602,-5.4537,-8.2217,-10.079,-10.28,-8.0442,-6.346,-4.7867,-3.6033,-3.1805,-3.0006,-3.1164,-3.7981,-4.4623,-5.9202,-8.1197,-10.351,-14.28,-14.556,-10.715,-8.0785,-5.6659,-4.0448,-3.2837,-2.6943,-2.524,-2.6858,-3.1555,-4.0673,-5.3942,-6.7686,-9.3237,-12.904,-15.311,-13.697,-9.7058,-7.3313,-4.9236,-3.4649,-2.2809,-1.8347,-1.4784,-1.3171,-1.4533,-1.493,-1.6923,-1.7705
2.6465,3.0645,3.3998,3.4718,3.3731,3.052,2.4739,1.9404,1.0307,-0.022825,-1.1663,-2.0332,-3.1219,-3.9354,-4.3571,-4.4772,-4.1463,-3.6595,-2.8738,-2.0423,-1.2488,-0.79775,-0.35982,-0.15988,-0.18363,-0.44126,-1.0178,-1.6247,-2.735,-4.1834,-5.9697,-7.4972,-9.7507,-11.303,-11.497,-10.399,-8.5867,-6.7867,-5.5522,-4.1219,-2.8528,-1.9952,-0.99518,-0.14425,0.4141,1.04,1.521,1.8485,2.0001,2.0342,1.9082,1.6926,1.2286,0.53341,-0.13292,-1.3218,-2.8406,-4.7997,-6.6549,-9.7375,-13.262,-14.959,-14.01,-11.662,-9.8456,-8.9031,-7.9988,-7.2233,-6.6495,-5.6749,-4.5623,-3.6849,-2.5958,-1.6783,-1.0293,-0.68262,-0.41024,-0.29982,-0.26854,-0.23194,-0.14325,-0.031534,0.11313,0.24289,0.25015,0.13545,-0.24204,-0.89597,-1.6384,-3.0447,-5.0176,-7.9813,-11.114,-15.22,-11.937,-8.348,-4.8363,-2.3746,-0.92181,0.52733,1.6188,2.3783,2.7511,3.0193,3.0261,2.8574,2.4167,1.7246,1.0482,-0.020151,-1.2827,-2.6149,-3.6055,-4.7905,-5.7082,-6.0899,-6.2999,-6.1663,-5.8531,-5.5746,-5.2231,-4.9651,-4.869,-4.812,-4.86,-4.9324,-5.0395,-5.1257,-5.1298,-5.1133,-5.1115,-5.1622,-5.2907,-5.6579,-6.2577,-6.8684,-7.8569,-9.0279,-9.9068,-10.2,-9.8049,-8.6069,-7.4138,-5.7818,-4.312,-3.084,-2.35,-1.6145,-1.2163,-1.1744,-1.4417,-2.0812,-3.0023,-4.5075,-7.0152,-9.9885,-12.434,-12.791,-10.385,-8.7924,-7.2869,-6.4384,-6.2613,-6.1529,-6.4077,-6.5933,-6.7415,-6.97,-7.0338,-7.0566,-6.8244,-6.2802,-5.3643,-4.542,-3.436,-2.4715,-1.8511,-1.262,-0.94586,-0.86711,-0.98179,-1.2909,-1.8202,-2.2958,-2.9487,-3.4931,-3.6682,-3.5309,-3.0441,-2.5451,-1.8608,-1.2127,-0.82451,-0.52151,-0.43772,-0.36845,-0.47064,-0.72985,-1.0314,-1.4645
2.4915,2.8813,3.188,3.2827,3.2026,2.9107,2.3855,1.8401,0.91663,-0.26776,-1.7433,-3.0796,-5.1558,-7.5709,-9.2193,-9.9305,-8.3208,-6.5419,-4.3421,-2.5575,-1.1973,-0.42504,0.30584,0.72151,0.83134,0.73756,0.39071,-0.039451,-0.79277,-1.719,-2.764,-3.567,-4.5185,-5.2981,-5.6644,-5.8448,-5.7234,-5.359,-4.9394,-4.2597,-3.4833,-2.8506,-1.9837,-1.1343,-0.54675,0.13344,0.70314,1.1004,1.2972,1.42,1.359,1.2035,0.83653,0.31578,-0.19051,-0.979,-1.9148,-2.9386,-3.7207,-4.6938,-5.5015,-5.7888,-5.8589,-5.5346,-4.9393,-4.4077,-3.635,-2.832,-2.2165,-1.3832,-0.55435,0.055761,0.79503,1.4432,1.9809,2.2953,2.6091,2.8091,2.8919,2.9413,2.8993,2.8148,2.6581,2.3917,2.0111,1.6262,0.95126,0.051444,-0.80912,-2.2012,-3.9617,-6.0486,-7.6214,-8.8686,-8.2406,-6.8685,-4.9158,-3.1511,-2.0284,-0.76293,0.23078,1.0259,1.4475,1.8188,1.9427,1.8531,1.5062,0.85687,0.16834,-1.067,-2.664,-4.6509,-6.3676,-8.6816,-10.17,-10.163,-8.996,-7.6153,-6.4772,-5.9258,-5.4635,-5.4063,-5.6095,-6.2515,-7.2361,-8.1499,-9.424,-10.276,-10.311,-9.7951,-8.9801,-8.2879,-8.0014,-7.9908,-8.4829,-9.2559,-10.867,-13.593,-18.57,-27.401,-22.671,-14.334,-10.907,-7.7094,-5.4814,-3.7681,-2.7867,-1.8119,-1.1744,-0.93842,-0.75397,-1.0292,-1.2819,-1.9521,-2.7049,-3.5621,-4.1068,-4.6799,-5.0683,-5.4591,-5.8989,-6.9277,-7.8211,-9.5407,-11.361,-11.974,-11.478,-9.6478,-7.8642,-6.7022,-5.2896,-4.132,-3.0195,-2.29,-1.3581,-0.53984,-0.010756,0.58373,1.0266,1.2757,1.444,1.4961,1.4309,1.337,1.1754,1.018,0.91081,0.81968,0.78936,0.78482,0.73616,0.7262,0.60355,0.47989,0.32299,-0.038555,-0.23725,-0.75226,-1.2996,-2.0475
1.9321,2.2096,2.429,2.505,2.4385,2.1937,1.7866,1.312,0.51064,-0.57898,-2.02,-3.3784,-5.745,-8.9023,-11.809,-13.42,-9.8773,-7.0938,-4.1918,-2.0674,-0.54284,0.31851,1.1421,1.6279,1.7915,1.7483,1.4646,1.0683,0.37451,-0.5119,-1.5414,-2.366,-3.5059,-4.6541,-5.4498,-6.3609,-7.0984,-7.589,-7.7634,-7.6056,-6.9547,-6.2411,-5.0564,-3.8006,-2.9192,-1.9102,-1.1155,-0.54062,-0.27908,-0.087695,-0.11339,-0.24386,-0.53791,-0.94949,-1.3225,-1.8101,-2.3405,-2.8491,-3.1751,-3.5441,-3.7953,-3.8682,-3.7864,-3.4915,-3.0126,-2.5293,-1.7781,-0.96074,-0.2962,0.56854,1.3995,1.9814,2.6743,3.254,3.7333,4.0021,4.2498,4.3758,4.3882,4.3082,4.12,3.9165,3.5867,3.1572,2.6528,2.2147,1.5675,0.80173,0.18207,-0.74367,-1.7344,-2.7091,-3.3599,-4.0434,-4.4293,-4.4929,-4.3547,-3.8491,-3.373,-2.5669,-1.6869,-0.84765,-0.28643,0.29163,0.64301,0.74687,0.63974,0.21572,-0.33157,-1.4442,-3.0395,-5.373,-7.7667,-12.309,-17.454,-15.252,-10.659,-7.7451,-6.0591,-5.3216,-4.9223,-5.1246,-5.6129,-6.8721,-8.9348,-11.239,-16.137,-28.731,-21.9,-16.234,-12.325,-10.315,-9.4771,-8.9044,-8.8705,-9.148,-9.7698,-10.597,-11.443,-11.686,-11.133,-9.7297,-8.3829,-6.6176,-5.0052,-3.6071,-2.7285,-1.7643,-1.0119,-0.57401,-0.15158,0.034863,0.15884,0.01371,-0.0815,-0.48996,-0.7375,-1.3017,-1.9902,-2.6425,-3.8192,-5.4731,-7.0941,-10.305,-14.778,-18.033,-15.18,-10.876,-8.0073,-6.4447,-4.8396,-3.5725,-2.4534,-1.7138,-0.7755,0.097677,0.67147,1.3682,1.9529,2.3064,2.6669,2.8899,3.0056,3.0189,2.9473,2.8051,2.6368,2.3512,2.0176,1.7304,1.2918,0.77628,0.29118,-0.19842,-0.67239,-1.3217,-1.6711,-2.1683,-2.6957,-3.2639
0.11164,0.22558,0.36822,0.44771,0.47951,0.41802,0.2588,0.041369,-0.39556,-0.97315,-1.6725,-2.2433,-3.0014,-3.6153,-3.8584,-3.7252,-3.1065,-2.3736,-1.2623,-0.13893,0.81552,1.4221,2.0093,2.3408,2.4277,2.2972,1.898,1.4212,0.53006,-0.63875,-2.0827,-3.3436,-5.233,-7.252,-8.8303,-10.846,-12.727,-14.682,-16.354,-18.18,-16.783,-14.031,-10.529,-7.7933,-6.2294,-4.6091,-3.5267,-2.8405,-2.5811,-2.5207,-2.7295,-3.029,-3.5439,-4.1298,-4.5569,-5.0546,-5.4057,-5.6451,-5.7815,-5.9481,-6.0052,-6.0964,-5.9999,-5.6658,-4.9972,-4.273,-3.095,-1.8197,-0.86386,0.32981,1.4041,2.0971,2.9023,3.5303,3.9845,4.2167,4.3753,4.3669,4.26,3.9728,3.5691,3.1968,2.6112,2.0055,1.3981,0.96606,0.42522,-0.093901,-0.49416,-1.1068,-1.8036,-2.6364,-3.3836,-4.5518,-5.9045,-7.0587,-8.4877,-9.1949,-8.8786,-7.4527,-5.6488,-4.0632,-3.0434,-1.944,-1.1508,-0.70577,-0.35711,-0.23838,-0.3193,-0.62742,-1.2022,-1.9596,-2.6055,-3.3702,-3.8332,-3.8608,-3.5583,-3.104,-2.7434,-2.5981,-2.7037,-3.135,-3.6774,-4.6877,-6.0283,-7.1916,-8.7554,-9.9092,-10.247,-10.024,-9.5329,-9.0011,-8.714,-8.5249,-8.5108,-8.521,-8.7227,-8.802,-8.8671,-8.6379,-8.2565,-7.6029,-6.9965,-6.0874,-5.1204,-4.1379,-3.4464,-2.5744,-1.7812,-1.1932,-0.63778,-0.023516,0.25303,0.61106,0.80174,0.89055,0.84451,0.6377,0.24577,-0.13695,-0.95028,-1.844,-2.7437,-3.7776,-4.8866,-5.4571,-5.7452,-5.5884,-5.3963,-5.1468,-4.8782,-4.4308,-3.8573,-3.2256,-2.2281,-1.1667,-0.35952,0.58834,1.3947,1.8653,2.3851,2.7187,2.9005,2.9302,2.8436,2.6094,2.3477,1.8715,1.2333,0.64872,-0.18329,-1.2957,-2.3435,-3.2749,-4.4574,-5.3485,-5.975,-6.158,-6.2232,-6.0206
-3.4417,-3.5183,-3.3288,-2.9274,-2.5708,-2.1386,-1.9193,-1.8344,-1.9237,-2.1432,-2.4233,-2.6313,-2.7642,-2.7246,-2.4744,-1.9317,-1.1713,-0.51641,0.41381,1.287,2.0707,2.5579,3.0228,3.2711,3.2928,3.1091,2.6206,2.0716,1.0236,-0.4047,-2.2958,-4.115,-7.0879,-11.132,-15.017,-20.502,-20.855,-19.344,-19.163,-19.745,-17.654,-14.804,-11.195,-8.4385,-6.9052,-5.4969,-4.6066,-4.2553,-4.2465,-4.6567,-5.4448,-6.2966,-7.7824,-9.4431,-10.609,-11.609,-11.48,-10.751,-10.266,-9.9192,-10.183,-10.737,-12.06,-13.192,-12.131,-9.9685,-6.837,-4.1436,-2.4796,-0.65744,0.79911,1.6782,2.5963,3.2859,3.7226,3.9094,3.9626,3.7834,3.4949,2.902,2.0611,1.274,0.080959,-1.152,-2.1861,-2.6616,-2.8601,-2.6783,-2.5285,-2.3888,-2.5528,-3.0599,-3.7232,-5.0806,-7.1743,-9.415,-14.209,-22.613,-19.403,-12.339,-8.7297,-6.3983,-5.1716,-3.9215,-2.8851,-2.2201,-1.3885,-0.65066,-0.1745,0.33808,0.68851,0.90819,0.99446,1.0456,1.0781,1.0761,1.079,1.0123,0.87514,0.67261,0.29207,-0.24997,-0.78995,-1.6084,-2.5368,-3.2664,-4.2319,-5.1015,-5.9067,-6.3822,-7.0195,-7.6038,-8.0155,-8.5808,-9.0873,-9.4146,-9.6985,-9.8652,-9.7402,-9.644,-9.3273,-8.8472,-8.4365,-7.7514,-6.9638,-6.1361,-5.4677,-4.5687,-3.6663,-3.0165,-2.1162,-1.2011,-0.60883,0.28488,0.91491,1.5608,1.8351,2.1388,2.2184,2.1258,1.9312,1.4831,1.1206,0.45737,-0.21473,-1.0514,-1.6699,-2.7253,-3.9998,-5.2249,-7.1935,-9.3147,-9.9644,-8.6461,-6.0374,-3.6687,-2.2313,-0.72672,0.38032,1.0135,1.5865,1.9574,2.1131,2.1192,1.9824,1.66,1.3101,0.67259,-0.20068,-1.0278,-2.3934,-4.0547,-6.2606,-8.0338,-11.38,-14.353,-16.145,-15.394,-12.726,-10.467
-12.295,-13.018,-10.919,-8.1491,-6.5724,-5.1122,-4.2463,-3.9803,-3.9846,-4.4372,-5.2295,-5.8978,-6.5565,-6.3082,-5.4799,-3.8746,-2.11,-0.88773,0.54228,1.7275,2.703,3.2571,3.821,4.157,4.2472,4.1544,3.8019,3.341,2.4733,1.2501,-0.3605,-1.8463,-4.3344,-7.2585,-9.6838,-12.258,-12.607,-11.576,-10.666,-9.4181,-8.2735,-7.3332,-6.1559,-5.1575,-4.5644,-4.0472,-3.9226,-4.1771,-4.638,-5.5812,-7.0103,-8.4362,-10.985,-14.927,-19.648,-31.819,-19.838,-14.729,-12.642,-11.16,-10.994,-11.447,-13.305,-15.745,-14.515,-11.221,-7.2734,-4.2813,-2.5686,-0.76148,0.59525,1.4061,2.243,2.8289,3.2246,3.372,3.37,3.1103,2.7111,1.8736,0.57542,-0.76286,-3.2302,-6.9604,-12.72,-15.827,-10.702,-6.6686,-4.7951,-3.2294,-2.4338,-2.2128,-2.3492,-2.8822,-3.772,-4.5556,-5.6531,-6.4436,-6.6727,-6.6058,-6.3232,-6.257,-6.2865,-6.4251,-6.0972,-5.3897,-3.8174,-2.0371,-0.76487,0.67681,1.8509,2.7259,3.2298,3.6994,3.9804,4.0805,4.067,3.911,3.6016,3.265,2.7076,2.0017,1.3909,0.47598,-0.50358,-1.2758,-2.3282,-3.4112,-4.5227,-5.4123,-6.6099,-7.9913,-9.1634,-10.832,-12.506,-13.626,-14.195,-14.128,-13.614,-13.425,-13.146,-13.025,-12.802,-12.223,-11.207,-10.135,-9.2981,-8.3203,-7.4658,-6.8798,-5.6128,-4.2656,-2.9258,-1.262,0.33006,1.596,2.407,3.2068,3.7523,3.9831,4.1244,4.0347,3.866,3.4258,2.8501,2.0587,1.3292,0.05458,-1.5988,-3.2288,-6.0745,-9.718,-11.563,-9.508,-6.1456,-3.6174,-2.2847,-1.0043,-0.19238,0.22547,0.54713,0.6918,0.71415,0.66305,0.48896,0.19234,-0.15488,-0.79472,-1.6567,-2.4886,-4.0077,-5.7072,-8.2729,-10.201,-14.126,-17.527,-20.353,-18.758,-16.237,-13.559
-13.481,-14.266,-12.218,-9.5786,-7.8807,-6.4522,-5.4749,-5.2356,-5.4059,-6.3606,-8.3549,-10.98,-18.403,-23.254,-13.105,-7.3452,-3.8858,-2.02,-0.15756,1.2572,2.3465,2.9572,3.6191,4.0766,4.3025,4.4218,4.3671,4.1754,3.7446,3.0934,2.2375,1.486,0.3569,-0.77146,-1.5658,-2.4341,-2.9613,-3.1588,-3.1734,-2.9867,-2.7727,-2.5655,-2.3374,-2.2395,-2.2822,-2.4964,-3.0278,-3.8278,-4.6892,-6.0306,-7.6572,-8.9294,-10.465,-11.781,-12.204,-12.305,-11.387,-10.03,-9.0067,-7.8243,-6.9773,-6.5443,-6.0646,-5.5837,-4.8512,-4.1487,-3.0834,-2.0171,-1.3524,-0.57267,0.00094908,0.36328,0.8044,1.1714,1.5478,1.7723,1.9591,1.9558,1.775,1.2644,0.37769,-0.5372,-2.2043,-4.1543,-5.9352,-6.4643,-5.7262,-4.1997,-3.0969,-1.9185,-1.1272,-0.66734,-0.52184,-0.53648,-0.76131,-1.0441,-1.4759,-2.0561,-2.475,-3.2702,-4.3038,-5.9809,-7.873,-12.356,-27.378,-17.7,-8.4277,-3.8695,-1.5141,0.78541,2.4879,3.7132,4.3989,5.05,5.409,5.531,5.4771,5.2224,4.7537,4.2849,3.4768,2.4912,1.6743,0.45467,-0.84072,-1.8274,-3.1188,-4.3786,-5.5329,-6.4822,-7.8041,-9.5248,-11.223,-14.241,-19.156,-26.186,-32.242,-21.158,-18.325,-17.476,-17.879,-20.507,-23.845,-24.901,-18.886,-15.092,-13.536,-12.911,-13.962,-15.894,-16.844,-11.872,-7.6466,-3.7665,-0.81245,1.2088,2.4551,3.6386,4.456,4.8751,5.1467,5.2552,5.17,4.9655,4.5678,4.0885,3.5878,2.8763,1.9956,1.2927,0.32801,-0.4458,-0.94003,-1.0469,-0.98379,-0.83428,-0.76871,-0.87707,-1.1975,-1.5606,-2.0577,-2.4999,-2.7244,-2.7686,-2.7555,-2.7229,-2.81,-3.1166,-3.6268,-4.1451,-5.2643,-6.4351,-8.3502,-9.5842,-12.16,-14.183,-16.701,-19.117,-20.284,-17.886
-8.7973,-8.8954,-8.4348,-7.4801,-6.7228,-5.6891,-4.9602,-4.5798,-4.4434,-4.6407,-5.1428,-5.6374,-6.062,-5.8043,-5.0851,-3.7389,-2.3075,-1.3677,-0.29125,0.56198,1.2388,1.7158,2.2738,2.798,3.1763,3.6075,3.932,4.0904,4.1489,4.0506,3.7885,3.5079,3.0492,2.5087,2.1225,1.6143,1.1534,0.79202,0.57444,0.32789,0.1455,0.0052397,-0.20277,-0.47945,-0.7874,-1.3872,-2.2554,-3.4783,-4.7288,-6.9076,-9.808,-12.501,-15.742,-14.997,-12.805,-10.016,-7.831,-6.0783,-4.9842,-3.8312,-2.8253,-2.299,-1.6687,-1.2037,-0.86842,-0.68756,-0.59073,-0.69524,-0.90908,-1.4331,-2.1483,-2.7309,-3.2698,-3.1022,-2.2877,-1.4719,-0.42926,0.34918,0.72289,0.92454,0.82978,0.58177,0.12659,-0.389,-0.80599,-0.99909,-1.0149,-0.83496,-0.56976,-0.21241,0.18406,0.50607,0.68299,0.81031,0.82836,0.74105,0.54409,0.21201,-0.13112,-0.7058,-1.4677,-2.3894,-3.1209,-4.0043,-4.2247,-3.7646,-2.2898,-0.48109,0.84904,2.4297,3.7241,4.7383,5.3053,5.8306,6.091,6.1282,5.958,5.5394,4.8661,4.2097,3.0677,1.6747,0.45097,-1.4427,-3.6046,-5.2615,-7.2546,-8.5343,-8.9424,-9.0359,-9.1698,-9.6064,-10.2,-11.333,-12.678,-13.713,-14.121,-14.006,-13.632,-13.478,-13.9,-14.618,-15.181,-14.933,-13.289,-11.432,-10.524,-9.9472,-9.9984,-10.115,-9.5687,-7.1828,-4.6702,-1.8635,0.57462,2.2969,3.347,4.3106,4.9201,5.2056,5.3041,5.2777,5.1289,4.9694,4.7457,4.5627,4.419,4.2371,4.0025,3.7903,3.458,3.0566,2.6289,2.2279,1.6212,0.79967,0.016069,-1.3508,-3.1686,-4.9891,-7.7813,-10.548,-10.973,-9.8305,-8.0982,-6.8764,-6.3021,-5.9424,-5.9553,-6.1636,-6.5063,-7.2213,-8.1016,-9.0045,-10.392,-12.16,-14.073,-16.521,-18.2,-15.958
-13.797,-12.168,-9.477,-7.2459,-5.9758,-4.4813,-3.4439,-2.7878,-2.162,-1.7119,-1.4058,-1.2148,-1.0085,-0.76023,-0.58637,-0.33519,-0.18882,-0.18607,-0.32361,-0.61886,-0.9607,-1.0205,-0.73726,0.081289,0.8879,2.0407,3.0308,3.6443,4.2382,4.5901,4.7248,4.696,4.5172,4.2079,3.9029,3.4456,2.9376,2.4119,2.0549,1.5997,1.2633,1.0542,0.84223,0.65989,0.49562,0.12194,-0.44435,-1.366,-2.2949,-4.0132,-6.3508,-8.4235,-10.551,-9.8226,-7.8727,-5.2602,-3.1883,-1.5781,-0.59721,0.44072,1.1934,1.656,2.0454,2.2609,2.2682,2.1277,1.7038,0.92289,0.068811,-1.659,-4.3353,-7.4852,-16.053,-17.172,-7.9454,-4.6173,-1.8555,-0.1571,0.66706,1.3194,1.5843,1.5752,1.4139,1.0567,0.63487,0.32465,-0.0049431,-0.16664,-0.15676,0.025567,0.37374,0.77848,1.0862,1.4369,1.6863,1.8146,1.8313,1.7912,1.6391,1.4531,1.1891,1.006,0.89349,0.92787,1.1682,1.5457,2.2324,3.0907,3.7779,4.6946,5.503,6.1777,6.5567,6.8719,6.9859,6.9011,6.5946,6.0291,5.2126,4.4019,3.0938,1.3997,-0.15119,-2.6957,-6.1038,-9.6769,-17.999,-25.965,-14.505,-11.202,-8.9302,-7.6915,-7.1792,-6.886,-6.7762,-6.6919,-6.6465,-6.5853,-6.3254,-6.201,-6.0029,-5.7449,-5.4706,-4.9349,-4.2799,-3.4957,-2.9169,-2.1302,-1.343,-0.7692,0.26334,1.2782,2.2735,3.3807,4.4764,5.3143,5.7488,6.048,6.0332,5.773,5.2479,4.4083,3.8231,3.0999,2.9476,3.2259,3.7166,4.3227,4.8714,5.1397,5.3201,5.2525,4.9559,4.5792,3.8388,2.7941,1.7532,0.0052658,-2.323,-4.5672,-8.4212,-12.767,-13.391,-11.597,-9.5145,-8.4761,-8.1572,-8.0812,-8.2262,-8.341,-8.067,-7.9955,-7.4159,-7.5398,-7.2649,-7.6844,-7.5861,-7.8893,-7.6419,-7.2644
-11.719,-10.207,-7.6814,-5.7457,-4.4797,-3.2582,-2.119,-1.4447,-0.58002,0.14612,0.75101,1.1313,1.5027,1.7072,1.7447,1.5936,1.118,0.52408,-0.78924,-2.8983,-6.3176,-10.513,-12.846,-6.5628,-3.1211,-0.079601,1.9849,3.0519,4.0558,4.6518,4.9388,4.9781,4.8327,4.5043,4.1147,3.4597,2.6542,1.6987,0.91709,-0.032044,-0.73482,-0.88531,-0.59283,0.044804,0.58257,1.205,1.577,1.6759,1.6057,1.3166,0.9413,0.70348,0.55528,0.76167,1.111,1.7834,2.5183,3.2316,3.6955,4.2427,4.628,4.8517,5.0055,5.012,4.8613,4.6207,4.1268,3.4142,2.6823,1.487,0.028313,-1.0889,-2.3143,-2.4316,-1.5959,-0.65277,0.52599,1.4566,1.9294,2.2964,2.3365,2.1863,1.6713,0.89418,-0.18896,-1.1385,-2.4853,-3.4917,-3.7589,-3.1514,-2.0582,-0.84464,-0.046802,0.80617,1.3853,1.6802,1.8901,1.9168,1.8983,1.7524,1.634,1.545,1.553,1.7316,2.1023,2.5426,3.2595,4.1069,4.7607,5.5976,6.3334,6.908,7.225,7.4657,7.4712,7.3205,6.9055,6.2566,5.3834,4.5687,3.3291,1.8802,0.64351,-1.1307,-3.0428,-4.4558,-5.9994,-6.6587,-6.3288,-5.8111,-4.8791,-4.1234,-3.686,-3.2155,-2.8543,-2.5708,-2.2704,-1.8499,-1.4459,-1.0953,-0.54855,0.0072272,0.47893,1.1402,1.8207,2.5343,3.0951,3.8503,4.5903,5.1336,5.8911,6.6186,7.1054,7.7262,8.1249,8.4115,8.4023,8.1647,7.5218,6.7137,5.088,2.6158,-0.19978,-5.8203,-7.6624,-1.8579,1.1566,3.7293,5.3595,6.145,6.7632,7.0083,6.8957,6.6407,6.0349,5.1961,4.3893,3.094,1.6001,0.40438,-1.2583,-2.7732,-3.9977,-4.7692,-5.8109,-7.1104,-8.5424,-11.25,-14.743,-15.962,-13.774,-9.8688,-7.6809,-6.1749,-5.0875,-4.249,-3.7892,-3.4104,-3.0904,-2.8606
-3.6762,-4.082,-4.4251,-4.4982,-4.475,-4.1931,-3.5789,-2.8992,-1.8077,-0.68842,0.32651,0.94779,1.6025,1.9951,2.1288,2.0278,1.641,1.1279,0.10657,-1.2863,-3.011,-4.0518,-4.3259,-2.9435,-1.5395,0.25489,1.6228,2.3819,3.0599,3.4117,3.4762,3.374,3.0588,2.547,2.0645,1.2047,0.056983,-1.5471,-3.2562,-6.5635,-11.915,-13.853,-8.0644,-3.6016,-1.3367,0.79487,2.237,3.2238,3.7032,4.1376,4.4023,4.5234,4.6443,4.7747,4.8738,5.0213,5.1797,5.3271,5.4178,5.4969,5.5609,5.536,5.4966,5.3825,5.206,5.0282,4.7226,4.335,3.9859,3.4704,2.93,2.5281,2.1142,1.8601,1.7783,1.8133,1.9223,2.0299,2.0766,2.015,1.7706,1.4178,0.63554,-0.56102,-2.3496,-4.2925,-8.2373,-16.578,-30.937,-11.649,-6.6235,-3.8302,-2.4981,-1.347,-0.68159,-0.47431,-0.38008,-0.57995,-0.78821,-1.2622,-1.7822,-2.3864,-2.6825,-2.8044,-2.2582,-1.4856,-0.068571,1.4536,2.5408,3.8034,4.8391,5.5876,5.9689,6.2327,6.1907,5.9942,5.4704,4.6867,3.6527,2.7694,1.4436,0.17465,-0.72719,-1.7265,-2.4102,-2.7524,-2.9871,-3.016,-2.8933,-2.7524,-2.5884,-2.4609,-2.4067,-2.3383,-2.2555,-2.1723,-1.801,-1.2486,-0.55221,0.07241,0.9586,1.858,2.5201,3.3543,4.1848,4.9507,5.52,6.2398,6.9327,7.4646,8.0694,8.7009,9.0421,9.5043,9.7755,9.8662,9.8059,9.4783,8.8428,8.1528,6.8289,5.1163,3.6743,1.857,1.4809,2.623,3.8028,5.2869,6.35,6.9214,7.3572,7.5005,7.3878,7.1335,6.6339,5.9375,5.3288,4.3832,3.3312,2.5264,1.3826,0.2487,-0.93837,-1.8614,-3.2541,-4.8654,-6.3526,-8.7965,-11.147,-11.947,-10.273,-8.1727,-5.9187,-4.7313,-3.5089,-2.4812,-2.1554,-1.6196,-1.4914,-1.4752
-1.8466,-2.8548,-4.4848,-6.5586,-8.6482,-11.17,-11.073,-8.6729,-5.4743,-2.9796,-1.1243,-0.088704,0.92454,1.5801,1.8671,2.0317,1.9815,1.8145,1.5105,1.1242,0.81661,0.63397,0.62366,0.84396,1.0961,1.4695,1.7459,1.8653,1.8169,1.5402,1.0334,0.54085,-0.20571,-0.92202,-1.3549,-1.8351,-2.3141,-2.9509,-3.6131,-4.7883,-5.7494,-5.5738,-3.8389,-1.4445,0.24163,2.0644,3.4822,4.5075,5.0702,5.5822,5.8675,5.9631,5.9814,5.8745,5.7574,5.5409,5.2985,5.0282,4.827,4.5277,4.233,4.0132,3.7424,3.5351,3.4009,3.3627,3.3522,3.3332,3.3125,3.1918,2.9731,2.7382,2.369,1.8795,1.4096,1.0653,0.72163,0.51895,0.47149,0.45391,0.40745,0.25704,-0.082757,-0.77742,-1.7751,-2.7089,-4.1221,-5.2427,-5.6286,-5.2774,-4.385,-3.5582,-3.1143,-2.826,-2.8833,-3.1366,-3.7301,-4.4184,-5.1463,-6.0436,-7.3621,-9.2117,-11.407,-16.043,-16.021,-10.986,-5.9487,-2.5253,-0.59275,1.3501,2.7561,3.7165,4.1628,4.4263,4.3598,4.0727,3.3915,2.3389,0.8692,-0.50522,-2.7557,-5.3351,-6.9143,-7.5736,-6.4689,-5.3331,-4.0214,-3.0964,-2.5426,-2.2982,-2.3531,-2.7238,-3.212,-4.1539,-5.2077,-5.8306,-5.8276,-4.7642,-3.0133,-1.6941,-0.094367,1.3051,2.1872,3.2291,4.1255,4.9205,5.466,6.1575,6.8439,7.3548,8.0198,8.652,9.1228,9.6233,10.081,10.326,10.432,10.381,10.146,9.8415,9.3434,8.7005,8.2612,7.7393,7.4068,7.3311,7.3394,7.4546,7.525,7.5359,7.4517,7.2167,6.8636,6.4976,5.9104,5.1905,4.5995,3.7686,2.8946,2.2321,1.3815,0.57813,-0.22472,-0.81795,-1.5828,-2.3606,-2.8985,-3.5574,-3.9925,-4.0317,-3.9572,-3.5109,-2.8777,-2.596,-1.9422,-1.6663,-1.3496,-1.1823,-1.0831,-1.183
-0.5662,-1.4967,-3.0817,-5.2706,-7.3077,-9.9762,-10.017,-7.8907,-4.9453,-2.6224,-0.95222,-0.020035,0.84861,1.3943,1.62,1.7723,1.7586,1.6982,1.5863,1.4862,1.464,1.4631,1.5218,1.5825,1.6442,1.6111,1.4703,1.2066,0.61625,-0.35208,-1.7667,-3.1988,-5.5581,-7.8968,-8.606,-7.2311,-5.1004,-3.3303,-2.2823,-1.1613,-0.15222,0.61507,1.7176,2.8768,3.7045,4.752,5.5922,6.2105,6.534,6.7452,6.7233,6.5717,6.1931,5.6447,5.1508,4.4323,3.6799,2.957,2.4378,1.7859,1.0467,0.51852,-0.26706,-0.86235,-1.002,-0.72096,0.041435,0.92228,1.4751,1.9596,2.081,1.9324,1.3402,0.33608,-1.0829,-2.3163,-3.8131,-4.3045,-3.8396,-2.6367,-1.5185,-0.89153,-0.41869,-0.28105,-0.43871,-0.67017,-1.0395,-1.4169,-1.6243,-1.8939,-2.0883,-2.3785,-2.7126,-3.4194,-4.5492,-5.6477,-7.5972,-9.745,-11.039,-11.662,-11.438,-11.107,-11.328,-11.299,-10.076,-8.228,-5.2458,-2.6359,-1.0174,0.69959,1.9161,2.7319,3.0892,3.265,3.1247,2.7836,2.0597,0.96857,-0.5536,-2.0694,-4.8657,-8.9374,-12.959,-13.807,-8.8349,-6.1614,-3.7898,-2.3359,-1.5468,-1.3631,-1.526,-2.2783,-3.2937,-5.4924,-9.3141,-14.706,-24.263,-10.801,-5.7632,-3.2988,-1.0855,0.49048,1.3736,2.2891,2.938,3.4818,3.8169,4.2972,4.871,5.3627,6.229,7.1147,7.8845,8.7683,9.5684,10.223,10.566,10.882,11.001,10.971,10.801,10.532,10.224,9.8357,9.3725,8.8957,8.5644,8.0723,7.6084,7.2241,6.7045,6.1427,5.4878,4.9684,4.1524,3.2639,2.5222,1.5209,0.58476,-0.083944,-0.7307,-1.2232,-1.4873,-1.5993,-1.6593,-1.7016,-1.695,-1.6411,-1.6146,-1.5835,-1.5528,-1.384,-1.5296,-1.4341,-1.6234,-1.7628,-1.7487,-1.8186,-1.6256,-1.418
0.96833,0.60759,0.017653,-0.64189,-1.0756,-1.428,-1.4313,-1.1443,-0.60213,0.040883,0.56768,0.84909,1.0271,1.0011,0.81329,0.46216,0.026506,-0.27497,-0.56723,-0.61639,-0.47483,-0.23153,0.13692,0.46648,0.67167,0.77792,0.72906,0.49489,-0.083574,-1.0699,-2.5486,-4.1703,-7.0709,-11.064,-12.129,-8.7632,-4.9722,-2.2082,-0.61768,1.1388,2.5608,3.4956,4.5817,5.5409,6.148,6.8374,7.3362,7.6247,7.6866,7.5398,7.1218,6.611,5.6449,4.3664,3.1964,1.4217,-0.35014,-1.7197,-2.3194,-2.7075,-3.3041,-4.0867,-6.2455,-10.585,-15.791,-10.874,-5.0633,-1.6088,0.025309,1.4232,2.0313,2.0527,1.4446,0.11275,-2.281,-5.0975,-11.75,-16.233,-9.4601,-4.658,-2.1326,-0.97939,-0.1737,0.19069,0.18172,0.032345,-0.22949,-0.52797,-0.70408,-0.93559,-1.2324,-1.6317,-2.1233,-3.0992,-4.6189,-6.2466,-9.3207,-14.571,-20.984,-18.284,-12.44,-9.2816,-7.7171,-5.9821,-4.4422,-3.3488,-1.887,-0.55427,0.31735,1.2924,1.9624,2.352,2.4537,2.382,2.0505,1.689,1.1004,0.39703,-0.34482,-0.92758,-1.6994,-2.3394,-2.5504,-2.3905,-1.7377,-1.0782,-0.17166,0.57401,1.0478,1.1299,1.0162,0.52306,-0.061787,-1.0837,-2.2081,-2.9184,-3.1971,-2.7711,-1.7938,-1.0214,-0.20216,0.41794,0.74618,0.94156,0.87636,0.57198,0.19306,-0.35277,-0.56998,-0.13662,1.4585,3.4454,5.046,6.8509,8.3091,9.5029,10.124,10.76,11.111,11.223,11.153,10.936,10.597,10.051,9.3393,8.4539,7.7758,6.7455,5.7637,5.0527,4.2115,3.5122,2.7933,2.234,1.2565,0.036285,-1.1103,-2.9174,-4.7861,-6.0305,-6.6882,-6.4476,-5.5925,-4.8939,-4.0276,-3.218,-2.6728,-1.9994,-1.4523,-1.227,-0.97475,-0.98565,-1.5129,-1.8224,-2.9829,-4.1797,-5.1062,-5.7376,-5.1088,-3.6021
2.0005,1.956,1.8115,1.6531,1.5958,1.5224,1.5642,1.6417,1.7428,1.7918,1.7293,1.5496,1.0598,0.25796,-0.5587,-2.0479,-3.8733,-5.2787,-6.6678,-6.5994,-5.4365,-4.2284,-2.8922,-1.76,-1.1584,-0.50893,-0.16182,-0.041319,-0.067546,-0.32377,-0.76679,-1.1741,-1.6698,-1.9085,-1.8226,-1.1668,-0.13394,1.1442,2.1126,3.4084,4.5896,5.4095,6.4068,7.2472,7.7924,8.3306,8.6795,8.8103,8.7306,8.3894,7.7275,6.9834,5.6,3.6503,1.6883,-2.0334,-8.1813,-22.403,-12.878,-6.8001,-4.299,-3.6756,-3.6271,-4.1133,-3.9462,-2.8851,-0.73021,1.3675,2.6265,3.8401,4.5219,4.6908,4.5259,3.9512,3.0318,2.2174,1.2688,0.8193,0.89181,1.2648,1.6613,1.7719,1.6045,1.0714,0.22211,-0.5557,-1.5588,-2.1596,-2.2218,-1.8157,-1.3528,-1.0051,-0.95464,-1.2245,-1.88,-2.5655,-3.6701,-4.6644,-5.2881,-5.3561,-4.865,-4.0274,-3.2208,-2.2431,-1.2395,-0.52926,0.37289,1.1609,1.6344,2.0783,2.2653,2.1594,1.8877,1.2489,0.32094,-0.40647,-1.311,-1.8169,-1.6999,-1.3647,-0.62613,0.10289,0.68049,1.4369,2.1396,2.6529,3.2432,3.721,4.0291,4.1718,4.1763,4.0105,3.7841,3.3897,2.9212,2.6105,2.1709,1.7828,1.4509,1.1201,0.70405,0.19837,-0.15545,-0.68012,-1.2382,-2.2113,-3.3747,-6.3758,-14.038,-21.494,-5.7394,0.026845,2.8794,5.6764,7.6176,9.0831,9.8544,10.579,10.986,11.109,11.027,10.679,10.297,9.4668,8.3987,7.001,5.6594,3.6404,1.2927,-0.26715,-1.4805,-1.4722,-0.99088,-0.89731,-1.2369,-2.34,-3.7832,-6.7924,-11.903,-19.109,-23.423,-13.929,-10.686,-9.2782,-7.8912,-6.28,-5.0029,-3.3968,-1.9713,-1.1696,-0.45553,-0.43525,-0.72501,-1.4717,-3.3028,-6.1019,-10.326,-21.443,-11.384,-5.4864
2.3184,2.1816,1.9526,1.7955,1.7564,1.8668,2.1209,2.3125,2.5768,2.6792,2.57,2.2912,1.6015,0.4467,-0.8001,-3.0921,-6.5656,-10.359,-18.894,-15.807,-10.101,-7.5462,-5.402,-3.8649,-2.9382,-1.9375,-1.1659,-0.67543,-0.20057,0.13049,0.30808,0.43356,0.51751,0.74645,0.93519,1.3666,1.9913,2.7964,3.5189,4.5206,5.6086,6.3935,7.4007,8.2821,8.8482,9.446,9.8314,9.9817,9.9374,9.6494,9.0744,8.4538,7.3492,5.9292,4.6238,2.7209,0.83354,-0.32014,-0.36429,0.40761,1.427,2.1181,2.9143,3.6564,4.4252,5.055,5.9748,6.8911,7.5185,8.1866,8.6591,8.859,8.9449,8.8117,8.5386,8.275,7.8782,7.4789,7.1696,6.7291,6.1525,5.5546,4.4954,2.8808,0.53672,-1.981,-7.2915,-14.996,-10.219,-4.3944,-1.3201,0.40534,1.181,1.7007,1.7883,1.6442,1.2321,0.69859,0.37746,-0.13071,-0.45334,-0.54542,-0.47941,-0.15001,0.41577,0.93904,1.6552,2.3081,2.6874,2.9467,2.9062,2.4652,1.8258,0.44777,-1.659,-3.985,-8.7716,-13.148,-8.0843,-4.4538,-1.2195,1.0227,2.272,3.5711,4.5753,5.1725,5.7963,6.2418,6.5494,6.7245,6.8158,6.8113,6.7285,6.514,6.169,5.8153,5.1775,4.3762,3.2309,2.1468,0.35196,-1.7976,-3.3978,-4.3638,-3.6777,-2.4733,-1.8182,-1.1999,-0.55218,0.27201,2.0382,4.1257,5.5446,7.3652,8.7361,9.7156,10.322,10.777,11.002,11.003,10.851,10.427,9.9921,9.1709,7.9714,6.3827,4.7665,1.7669,-2.7458,-8.4463,-13.981,-5.9804,-2.3582,-1.0716,-0.38214,-0.62986,-1.2742,-2.72,-4.5179,-5.8722,-7.3016,-8.6006,-10.42,-13.054,-18.463,-13.368,-8.3602,-3.9571,-1.2056,0.3064,1.5249,2.2431,2.5025,2.2077,1.7127,0.9758,0.27611,-0.0058967,0.34564,1.2972
1.8804,1.0087,-0.27932,-1.2978,-1.5469,-0.79722,0.48225,1.4861,2.5953,3.352,3.6881,3.6788,3.3142,2.5312,1.6519,0.12636,-1.6371,-3.0592,-4.6878,-5.7841,-6.3496,-6.6186,-6.4579,-5.9556,-5.198,-4.0153,-2.6937,-1.8561,-0.95846,-0.29172,0.16732,0.36636,0.51531,0.51635,0.56755,0.60978,0.88892,1.4861,2.2102,3.4661,4.9279,6.0378,7.3974,8.6097,9.3589,10.173,10.732,11.037,11.111,10.984,10.637,10.245,9.5818,8.8074,8.2032,7.4489,6.8747,6.5808,6.5588,6.781,7.2103,7.667,8.2977,8.9767,9.6545,10.165,10.815,11.417,11.824,12.285,12.629,12.817,12.945,12.951,12.846,12.704,12.431,12.063,11.717,11.157,10.43,9.7688,8.656,7.2755,5.5586,4.0822,2.1385,1.0365,1.2131,2.4125,3.7633,4.8074,5.3355,5.7186,5.7567,5.5574,5.0582,4.252,3.497,2.2352,0.74373,-0.8097,-1.7994,-2.0058,-0.97804,0.24948,1.7882,3.023,3.6932,4.2324,4.3522,4.0567,3.5511,2.4944,1.0066,-0.38382,-2.2221,-2.999,-1.8016,-0.28847,1.8333,3.5831,4.6721,5.809,6.6644,7.1293,7.5873,7.893,8.1149,8.2105,8.3614,8.488,8.5655,8.6013,8.5222,8.3116,7.8536,7.0563,5.8111,4.5385,2.0549,-1.7555,-5.9418,-9.2052,-3.684,0.29398,2.2136,4.1211,5.5388,6.4431,7.542,8.6006,9.2121,9.9707,10.556,10.855,10.965,10.934,10.735,10.515,10.172,9.867,9.5326,9.1398,8.5947,7.7765,7.0784,5.8989,4.6031,3.8475,3.3109,3.38,3.8077,4.1387,4.3254,4.2292,3.9609,3.3933,2.5884,1.9609,0.88382,-0.33098,-1.6708,-2.6533,-3.2376,-2.2135,-0.65038,1.558,3.497,4.5966,5.7946,6.6184,6.9827,7.1682,7.2432,7.0585,6.9785,6.8624,6.7466,6.727
0.90341,-1.0318,-4.8926,-12.845,-24.414,-7.8977,-2.3892,0.066009,2.2479,3.6553,4.4778,4.7767,4.7989,4.4217,3.9391,2.9672,1.6982,0.53879,-1.238,-3.4633,-6.2816,-9.1907,-14.902,-17.31,-12.833,-8.3141,-5.6659,-4.3341,-3.0893,-2.3028,-1.8248,-1.7288,-1.7898,-2.3593,-3.0413,-4.4475,-6.2856,-6.9228,-5.3118,-1.7967,1.3727,3.4035,5.6133,7.358,8.4054,9.4669,10.214,10.664,10.804,10.76,10.477,10.12,9.5117,8.8057,8.3252,7.7959,7.535,7.5961,7.8445,8.3725,9.062,9.609,10.364,11.076,11.75,12.22,12.793,13.294,13.623,14.005,14.3,14.467,14.61,14.68,14.653,14.571,14.389,14.114,13.852,13.406,12.872,12.412,11.712,10.965,10.195,9.6538,9.0544,8.6854,8.5821,8.5964,8.7785,8.9421,9.0006,8.9265,8.6376,8.2655,7.5239,6.4735,5.357,3.4501,0.73844,-3.5765,-9.2513,-14.737,-4.9908,-1.3585,1.6539,3.5164,4.4326,5.1877,5.4785,5.4096,5.165,4.6477,4.0221,3.5576,3.1542,3.1261,3.4813,3.992,4.8165,5.7072,6.2698,6.8806,7.2386,7.3387,7.2525,6.9996,6.693,6.5465,6.6649,7.1368,7.6536,8.3837,8.9894,9.3078,9.4853,9.3308,8.905,8.3958,7.5723,6.7155,6.1948,5.9924,6.3766,7.158,7.8395,8.7059,9.4404,9.9139,10.388,10.738,10.946,10.94,10.793,10.452,9.9157,9.0813,7.9942,7.1535,6.1959,5.925,6.2034,6.8346,7.5721,8.0808,8.2615,8.4042,8.3665,8.2956,8.2404,8.2274,8.2315,8.2492,8.2277,8.1466,8.0178,7.7924,7.4763,7.1999,6.8092,6.4414,6.1484,6.0388,6.1065,6.4491,6.8861,7.595,8.3465,8.8875,9.5095,9.9327,10.233,10.412,10.411,10.315,10.214,9.8855,9.4945,8.9287
0.010469,-1.0438,-2.3114,-3.1784,-3.2178,-2.2812,-0.75799,0.44843,1.8806,3.0193,3.819,4.1911,4.3816,4.2491,3.9301,3.2662,2.261,1.293,-0.28261,-2.2152,-4.5727,-6.5619,-8.9896,-10.194,-9.8349,-8.9121,-8.0016,-7.5523,-7.1155,-6.8026,-6.5433,-6.3162,-6.2889,-6.5028,-7.215,-8.7134,-11.273,-12.724,-10.452,-5.9276,-2.235,-0.03686,2.3253,4.1663,5.2674,6.4282,7.2345,7.704,7.8367,7.7331,7.2726,6.6941,5.586,4.1457,2.8953,1.3918,0.83328,1.6811,2.8646,4.5622,6.0635,7.0105,8.0872,8.9634,9.6836,10.134,10.652,11.094,11.378,11.704,11.984,12.147,12.33,12.443,12.49,12.476,12.388,12.223,12.051,11.756,11.411,11.117,10.729,10.329,9.9804,9.7659,9.5575,9.4307,9.3938,9.3863,9.3789,9.3436,9.2648,9.0522,8.686,8.3089,7.6149,6.7069,5.8929,4.6045,3.1829,1.7972,1.003,0.63547,1.1126,1.7803,2.8067,3.6766,4.1583,4.5272,4.5752,4.3003,3.8935,3.1317,2.2067,1.545,0.92922,0.89303,1.4913,2.2461,3.2899,4.254,4.8024,5.2322,5.2411,4.9389,4.0053,2.3219,-0.33275,-2.7,-3.7349,-0.39466,2.2223,4.8743,6.7169,7.7252,8.63,9.1937,9.4767,9.5418,9.5198,9.4457,9.3917,9.3734,9.4206,9.5231,9.6352,9.736,9.7886,9.7827,9.6818,9.4286,9.2214,8.7985,8.144,7.2711,6.4108,4.7044,2.1512,-0.89461,-8.052,-11.227,-3.5406,1.2311,4.0076,5.7844,6.602,7.3267,7.7716,7.9222,8.0113,8.048,8.0511,8.0387,8.0735,8.1155,8.1549,8.182,8.2097,8.1785,8.175,8.1621,8.1581,8.1887,8.2809,8.4575,8.6284,8.918,9.2139,9.4546,9.6872,9.8881,10.054,10.034,9.9495,9.8065,9.542,9.0943,8.497,7.6592
-2.3429,-2.9598,-3.3107,-2.9979,-2.3865,-1.3836,-0.24936,0.62637,1.6879,2.5913,3.2908,3.6597,3.9433,3.9756,3.8104,3.3825,2.7181,2.0689,0.99245,-0.28234,-1.6454,-2.7874,-4.2334,-5.5761,-6.6145,-8.0289,-9.6503,-11.086,-13.167,-14.297,-13.425,-12.01,-10.38,-9.1265,-8.5106,-7.9973,-7.4957,-6.7719,-5.9528,-4.4814,-2.8874,-1.632,-0.030153,1.4123,2.3692,3.4382,4.2354,4.7315,4.9028,4.8032,4.2947,3.6048,2.1486,-0.13101,-2.7503,-8.8549,-16.973,-6.6853,-2.6753,0.60362,2.7158,3.8483,4.9213,5.6743,6.1886,6.4758,6.7716,7.0397,7.2377,7.5031,7.7782,7.9866,8.2391,8.4383,8.5922,8.6694,8.6949,8.6333,8.5166,8.2993,7.9934,7.7374,7.4009,7.1308,6.9884,6.9786,7.0941,7.3149,7.5071,7.7888,7.9869,8.1002,8.1075,8.0043,7.758,7.4607,6.9479,6.2893,5.7412,4.9727,4.1844,3.515,3.1656,2.8957,2.9035,3.0513,3.3483,3.6694,3.8441,3.9008,3.6895,3.104,2.3616,0.85192,-1.5217,-4.088,-9.1355,-10.484,-4.9896,-1.9892,0.81161,2.5745,3.4885,4.1621,4.305,4.0499,3.2128,1.7166,-0.48291,-2.2002,-2.7792,-0.44337,1.7225,4.1345,5.9511,6.9629,7.9844,8.7084,9.177,9.4232,9.6153,9.7091,9.7479,9.7293,9.6594,9.5131,9.3295,8.9927,8.5304,8.0802,7.4023,6.6613,6.015,5.3749,4.8127,4.1987,3.7736,2.9821,1.8441,0.94601,-0.12969,-0.088417,0.84313,2.4448,3.8931,5.0183,5.6391,6.0753,6.2298,6.2029,5.9918,5.6982,5.4712,5.3971,5.4768,5.7482,6.0429,6.4606,6.85,7.1068,7.345,7.4905,7.5719,7.5989,7.6213,7.6505,7.6859,7.7629,7.8903,7.9794,8.1277,8.2662,8.2876,8.2346,8.1469,7.8942,7.6065,7.1904,6.5858,5.8649
-9.2788,-12.257,-11.186,-7.3184,-5.0877,-2.7621,-0.98811,0.07455,1.2797,2.2282,2.9712,3.3926,3.7815,3.9602,3.9737,3.7774,3.3821,2.9662,2.2259,1.3168,0.23275,-0.61928,-1.9735,-3.4508,-4.7586,-6.7487,-9.3028,-11.868,-16.513,-20.965,-17.328,-14.175,-11.316,-9.676,-8.6992,-7.9205,-7.3228,-6.8407,-6.4304,-5.7633,-4.8254,-4.0045,-2.6956,-1.3574,-0.35824,0.78864,1.7479,2.4733,2.8318,3.0483,2.9702,2.6939,2.0671,1.143,0.35657,-0.52464,-0.87722,-0.47595,0.16553,1.0655,1.827,2.1921,2.4449,2.4151,2.1756,1.9293,1.6113,1.4328,1.4747,1.7443,2.1478,2.5061,2.9369,3.3592,3.7154,3.9429,4.1797,4.281,4.241,3.9916,3.4939,2.9833,2.1624,1.4733,1.2338,1.5036,2.3501,3.4427,4.2293,5.1193,5.8156,6.2658,6.4572,6.5283,6.4042,6.1818,5.7472,5.1706,4.6383,3.8472,3.0223,2.2587,1.8089,1.4813,1.545,1.8389,2.3947,3.0011,3.3905,3.7317,3.7864,3.4946,3.0179,1.9684,0.45748,-0.92353,-2.6289,-2.8185,-1.1776,0.42049,2.2729,3.6746,4.4161,5.0697,5.3727,5.3937,5.2188,4.891,4.5568,4.4306,4.5076,4.9469,5.4349,6.1855,6.9107,7.3877,7.9139,8.2798,8.5434,8.6887,8.8297,8.9243,8.9652,8.9739,8.8939,8.6765,8.3755,7.7736,6.8488,5.9141,4.2832,2.3003,0.75456,-0.87589,-0.78494,0.4242,1.2814,2.2964,2.9751,3.3541,3.7764,4.1475,4.5147,5.0214,5.4229,5.6499,5.7142,5.5257,4.9638,4.326,3.1465,1.6166,0.061931,-0.59344,-0.28811,1.1024,2.2773,3.6718,4.6997,5.2701,5.7183,5.9038,5.8682,5.7226,5.4349,5.1106,4.9251,4.804,4.8887,5.0441,5.3588,5.5914,5.6856,5.7514,5.6162,5.285,5.0535,4.6458,4.2225,3.8461
-6.9352,-8.496,-8.2944,-6.2446,-4.6746,-2.9132,-1.5702,-0.71024,0.31454,1.2226,2.0039,2.5128,3.0432,3.4051,3.5642,3.6037,3.4323,3.1674,2.6687,1.9971,1.1371,0.4013,-0.67998,-1.9361,-2.9241,-4.3463,-5.889,-6.9991,-8.2493,-9.018,-9.1925,-8.9748,-8.5571,-8.233,-8.145,-8.1991,-8.6627,-9.4323,-10.201,-11.11,-10.879,-9.7808,-7.6676,-5.4403,-4.0111,-2.3217,-0.97,0.10173,0.74295,1.4244,1.8886,2.0993,2.216,2.1818,2.0859,1.938,1.7975,1.6919,1.6028,1.4446,1.1164,0.73487,-0.033963,-1.206,-2.8435,-4.4306,-6.8212,-8.5512,-8.4499,-6.9683,-5.4413,-4.6556,-3.9305,-3.4129,-2.841,-2.3015,-1.474,-0.76715,-0.43702,-0.46995,-1.117,-2.159,-4.569,-9.0919,-15.582,-10.987,-4.8768,-1.2826,0.52233,2.1755,3.2884,3.9645,4.2529,4.3894,4.2893,4.1019,3.6553,3.0002,2.3572,1.1956,-0.29949,-2.2174,-3.8882,-5.4317,-4.724,-3.0214,-0.62679,1.3216,2.4569,3.576,4.2848,4.6534,4.7314,4.6329,4.4062,4.2016,4.0408,4.0986,4.4164,4.7627,5.2869,5.7947,6.0874,6.3717,6.5164,6.5539,6.5179,6.44,6.3804,6.3428,6.3774,6.4831,6.5948,6.7474,6.8529,6.8886,6.8296,6.671,6.472,6.3191,6.2379,6.3358,6.5035,6.8195,7.0856,7.1828,7.0968,6.6472,5.7578,4.7172,2.6896,-0.53426,-4.2786,-11.546,-7.6088,-2.1845,0.135,2.2518,3.6509,4.3413,5.0669,5.5696,5.7956,6.0307,6.1423,6.054,5.7953,5.2503,4.323,3.2688,1.2506,-1.8763,-7.2983,-14.857,-9.6007,-3.3014,-0.64551,1.6204,3.0027,3.5957,3.9834,3.9202,3.421,2.7743,1.5504,0.0044163,-1.1325,-1.9322,-1.4142,-0.39879,0.88534,1.8439,2.4183,2.4903,2.1206,1.4694,0.84243,-0.074111,-0.4625,-0.30957
-0.37201,-1.0234,-1.6954,-2.13,-2.2721,-2.4249,-2.4162,-2.2289,-1.6881,-0.80774,0.20226,0.96858,1.8452,2.5138,2.8585,3.1281,3.1505,3.003,2.6411,2.0916,1.3821,0.7279,-0.1563,-1.1605,-1.8924,-2.8605,-3.818,-4.4462,-5.1608,-5.7299,-6.1124,-6.2967,-6.5343,-6.7379,-7.131,-7.7851,-9.0071,-10.973,-13.391,-19.097,-25.593,-17.8,-11.856,-8.3952,-6.7387,-4.9685,-3.5649,-2.3802,-1.5306,-0.43432,0.5301,1.1615,1.8134,2.2464,2.4266,2.4797,2.3614,2.0761,1.7327,1.1546,0.34641,-0.38296,-1.6117,-3.2516,-5.4869,-7.7759,-12.081,-17.046,-15.928,-12.03,-10.009,-9.7359,-10.568,-13.024,-14.29,-11.706,-7.6101,-4.7776,-3.4235,-2.4201,-2.2203,-2.5549,-3.5418,-4.788,-5.363,-4.7425,-2.9785,-1.1427,-0.017609,1.0871,1.7718,2.1135,2.1756,2.074,1.8338,1.6101,1.2418,0.77543,0.32432,-0.6017,-2.0154,-4.2835,-6.894,-10.904,-8.7957,-4.9695,-1.1632,1.4842,2.961,4.4298,5.457,6.1458,6.4858,6.7794,6.9158,6.9575,6.9892,7.0154,7.0595,7.0824,7.1264,7.1358,7.1117,7.024,6.8694,6.7234,6.4953,6.2732,6.0986,5.9938,5.9547,5.9667,5.988,5.9655,5.8088,5.5559,4.9367,4.0034,2.6933,1.5395,0.32305,0.46905,1.5218,3.3399,4.9055,5.9987,6.5241,6.7881,6.6338,6.2365,5.446,4.4411,3.6125,2.9438,2.9327,3.4609,3.9434,4.6352,5.2203,5.5322,5.874,6.1368,6.2095,6.3075,6.3588,6.2991,6.104,5.7291,5.1662,4.556,3.5238,2.3405,1.2914,0.81797,0.8257,1.4351,2.0581,2.8167,3.3485,3.5064,3.4614,3.0316,2.1419,1.1124,-0.94901,-4.3205,-8.541,-18.474,-9.3627,-4.9738,-1.7662,0.039759,0.86919,0.81019,-0.040885,-1.7858,-3.9821,-9.3996,-15.85,-8.4872
3.4033,2.6088,1.41,-0.070796,-1.3934,-3.7382,-6.5275,-8.2795,-7.8446,-4.9617,-2.2465,-0.65813,0.96262,2.0734,2.6121,3.0403,3.1493,3.0485,2.673,2.0461,1.2506,0.54221,-0.49134,-1.4968,-2.2049,-3.0607,-3.7451,-4.1714,-4.6528,-5.0072,-5.2245,-5.3651,-5.4474,-5.4682,-5.5474,-5.7718,-6.1735,-6.7884,-7.4253,-8.0903,-8.2216,-7.9402,-7.2964,-6.7928,-6.597,-6.7345,-6.8943,-6.262,-4.983,-2.8399,-0.79877,0.47026,1.7386,2.5625,2.9173,3.0238,2.8141,2.2802,1.7179,0.78106,-0.28352,-1.0908,-2.1362,-3.0569,-3.9733,-4.6398,-5.3869,-5.9172,-6.1298,-6.1486,-6.3137,-6.7371,-7.8468,-9.518,-9.9932,-8.4824,-5.5352,-3.0748,-1.7203,-0.47404,0.22566,0.49548,0.59235,0.61697,0.6647,0.78226,1.04,1.317,1.5041,1.5873,1.378,0.90748,0.34301,-0.59279,-1.5483,-2.0734,-2.1389,-1.6142,-1.1075,-0.43825,-0.079684,0.08377,0.1804,0.53647,1.3361,2.212,3.5647,4.8911,5.7758,6.7674,7.5442,8.0871,8.3686,8.6098,8.6982,8.7003,8.625,8.4915,8.3071,8.1419,7.9005,7.5912,7.3391,6.9107,6.3796,5.9033,5.204,4.4981,3.9042,3.6891,3.7219,4.0717,4.4272,4.8392,5.0316,4.9134,4.3393,3.124,0.9185,-1.8271,-8.2354,-8.2316,-2.525,2.1424,5.0123,6.8757,7.8184,8.629,9.0228,9.1101,8.9967,8.7443,8.5107,8.1258,7.7761,7.4873,7.3249,7.0001,6.6494,6.3935,6.0417,5.8192,5.7601,5.7819,5.956,6.2111,6.4008,6.5272,6.5384,6.4714,6.2499,5.9374,5.6,5.3861,5.1487,4.991,4.9012,4.7743,4.5884,4.4249,4.1018,3.6501,3.0655,2.5196,1.6325,0.72436,0.13203,-0.13049,0.34055,1.0106,2.065,2.8671,3.2108,3.0893,2.5803,1.5359,0.38143,-1.2193,-1.929,-1.204
5.6899,4.9189,3.6111,1.9419,0.32814,-2.3994,-5.9036,-8.3528,-8.1381,-5.0147,-2.2919,-0.77874,0.70412,1.7346,2.2489,2.6068,2.6344,2.4473,1.8789,0.96956,-0.30923,-1.4308,-3.2043,-4.9377,-6.0275,-6.9286,-7.1693,-7.2109,-7.2799,-7.4176,-7.5706,-7.5218,-7.0525,-6.3178,-5.5096,-4.6187,-3.8547,-3.3314,-3.0464,-2.833,-2.7801,-2.812,-3.1492,-3.969,-5.0095,-7.7058,-13.597,-19.806,-10.625,-4.4877,-0.99008,0.75913,2.3246,3.2049,3.4893,3.4396,2.8757,1.8284,0.73925,-1.1794,-3.3896,-4.9232,-6.0524,-5.6192,-4.4827,-3.6717,-2.8102,-2.1551,-1.7926,-1.4688,-1.2764,-1.1586,-1.1112,-0.96723,-0.59338,-0.14379,0.61261,1.4204,1.9808,2.5411,2.8971,3.0356,3.076,2.9588,2.7796,2.6123,2.3613,2.0816,1.823,1.362,0.68533,-0.42176,-1.6681,-4.2653,-8.8999,-15.832,-13.817,-6.1949,-3.0979,-0.37054,1.4335,2.7299,3.5297,4.4283,5.2464,5.8302,6.5914,7.2936,7.7588,8.2734,8.6511,8.8843,8.96,8.9146,8.7475,8.5414,8.1732,7.7367,7.269,6.9397,6.4923,6.0634,5.7005,5.1184,4.3089,3.4649,1.9185,-0.30995,-3.2004,-4.8793,-3.9218,-0.87262,1.1068,3.0538,4.3084,4.8792,5.2427,5.1556,4.7888,4.4734,4.3163,4.7409,5.4904,6.7977,8.1282,9.2811,9.9645,10.66,11.083,11.254,11.275,11.093,10.886,10.446,9.836,9.0468,8.3553,7.2577,5.9265,4.8159,3.2295,1.7862,1.3351,1.6476,2.7026,3.9898,4.9446,5.9359,6.6083,6.9513,7.2035,7.2347,7.0548,6.8049,6.3707,5.8237,5.3377,4.6381,3.9288,3.4876,3.0051,2.7445,2.7137,2.7893,3.0039,3.3145,3.5978,4.0783,4.6252,5.1277,5.7298,6.1884,6.4913,6.6485,6.641,6.409,6.1154,5.7954,5.5326,5.3338
6.1839,5.6455,4.7269,3.5973,2.6073,1.2488,0.040025,-0.67881,-1.2367,-1.3152,-1.0384,-0.70947,-0.21358,0.27803,0.60075,0.85131,0.83926,0.59764,-0.062028,-1.1979,-2.9547,-4.854,-8.3504,-13.929,-21.016,-19.236,-14.07,-12.374,-11.787,-12.873,-15.646,-17.919,-15.727,-10.918,-8.1284,-5.3487,-3.4212,-2.0173,-1.2091,-0.46059,-0.017562,0.1371,0.1293,-0.12273,-0.50375,-1.0873,-1.5337,-1.3252,-0.65258,0.61613,1.9384,2.7656,3.5359,3.8907,3.8678,3.4688,2.59,1.1896,-0.29212,-3.019,-7.1433,-12.156,-18.112,-10.347,-5.9669,-3.9228,-2.0825,-0.80251,-0.069249,0.65428,1.2105,1.5349,1.9081,2.2606,2.5927,2.8454,3.1563,3.4173,3.5481,3.6141,3.5242,3.3282,2.9196,2.3142,1.5719,0.96573,0.1948,-0.3969,-0.71096,-0.94841,-1.1026,-1.4541,-1.9143,-2.8289,-3.8731,-4.3419,-3.8473,-2.1764,-0.80329,0.93625,2.4119,3.5671,4.2606,5.0302,5.6576,6.0539,6.4968,6.8522,7.0597,7.2434,7.2929,7.2187,7.056,6.6791,6.1229,5.5708,4.6865,3.6581,2.6266,1.9627,1.366,1.216,1.2299,1.2701,1.0537,0.61972,-0.52798,-2.4644,-5.209,-6.8763,-5.6657,-2.3267,-0.12708,2.088,3.6539,4.5258,5.3589,5.9521,6.4027,6.7197,7.1428,7.6586,8.1246,8.7892,9.468,10.102,10.512,10.941,11.219,11.313,11.297,11.08,10.759,10.196,9.4017,8.3306,7.253,5.5508,3.3725,1.2216,-2.6584,-9.3436,-25.844,-9.7699,-3.3738,0.12699,1.9592,3.7845,5.0356,5.6515,6.1467,6.2824,6.0879,5.718,4.9446,3.8335,2.7852,1.1088,-0.76536,-2.1903,-3.428,-3.351,-2.2408,-1.1249,0.40314,1.7832,2.7665,3.9421,5.0295,5.7488,6.5907,7.3182,7.9041,8.242,8.5045,8.6215,8.6498,8.5628,8.3375,8.0038
6.1349,5.845,5.2745,4.4823,3.7701,2.7132,1.5093,0.5603,-0.67929,-1.8531,-2.7846,-3.1493,-3.0555,-2.4882,-1.9252,-1.2341,-0.81184,-0.73977,-0.98837,-1.7084,-2.9037,-4.0938,-6.1629,-8.4115,-9.8003,-10.418,-9.9653,-9.5943,-9.6694,-10.493,-11.85,-12.378,-11.073,-8.253,-6.0929,-3.6768,-1.7702,-0.27036,0.61257,1.5856,2.334,2.7511,3.1823,3.4837,3.6255,3.8148,4.0193,4.2912,4.5348,4.9005,5.2304,5.3933,5.4574,5.2986,5.017,4.3887,3.5033,2.3509,1.3291,-0.15605,-1.6097,-2.4975,-3.0407,-2.7713,-1.9352,-1.2014,-0.21972,0.62522,1.162,1.7872,2.3014,2.6137,3.0117,3.3339,3.5998,3.761,3.9173,3.9713,3.9193,3.7264,3.326,2.8623,1.9544,0.71361,-1.034,-2.7124,-5.383,-7.623,-7.5669,-5.5951,-3.5454,-2.0039,-1.1962,-0.44154,0.091089,0.46499,1.0125,1.6346,2.1518,2.7943,3.3631,3.827,4.0963,4.3923,4.6167,4.7461,4.868,4.941,4.9597,4.9235,4.7952,4.5229,4.2071,3.6316,2.7591,1.8804,0.31808,-1.8515,-4.9028,-7.8693,-10.337,-7.6587,-5.0794,-2.6454,-1.1467,-0.48038,-0.054329,0.068614,0.1182,0.25173,0.70168,1.4652,2.1292,3.0289,3.8572,4.3932,5.0189,5.6115,6.1594,6.5554,7.0808,7.6319,8.0422,8.5856,9.1029,9.5629,9.8688,10.179,10.39,10.458,10.432,10.256,9.9788,9.4067,8.5862,7.4902,6.4873,4.7915,2.7275,1.0026,-1.4179,-3.5331,-4.2373,-3.8574,-2.2585,-0.2668,1.1418,2.8362,4.1415,4.8267,5.3518,5.4527,5.1462,4.6493,3.5721,1.9769,0.41949,-2.3198,-6.14,-10.567,-23.983,-16.112,-9.1496,-6.2221,-3.3329,-0.98159,0.55369,2.4156,4.0466,5.1016,6.3728,7.4557,8.3152,8.7902,9.3128,9.6792,9.8557,9.9039,9.7987,9.5381
5.6475,5.5866,5.2547,4.6528,4.0404,2.9444,1.4817,0.11448,-2.2099,-5.3882,-10.006,-14.132,-12.295,-7.6049,-5.2557,-3.1389,-1.8446,-1.2517,-0.9018,-0.93094,-1.2708,-1.656,-2.2625,-2.9156,-3.32,-3.6905,-3.8752,-3.9561,-4.0393,-4.0387,-3.9555,-3.7311,-3.1862,-2.3188,-1.5762,-0.5135,0.55961,1.5566,2.2652,3.148,3.9553,4.517,5.1764,5.7417,6.1324,6.561,6.9225,7.1914,7.3372,7.4488,7.4247,7.3089,7.0068,6.5179,6.0314,5.216,4.2497,3.2,2.4017,1.4164,0.607,0.1833,-0.10236,-0.12871,0.067584,0.30656,0.68036,1.0556,1.3138,1.6389,1.9305,2.1628,2.4523,2.7374,3.0115,3.1826,3.3532,3.4216,3.3928,3.1983,2.8011,2.3466,1.4721,0.17895,-1.6637,-3.5412,-6.9932,-10.746,-10.32,-6.4094,-3.2023,-0.9767,0.21909,1.3726,2.1642,2.5807,2.9707,3.1861,3.2915,3.2854,3.1301,2.8815,2.6633,2.321,1.9839,1.7649,1.5441,1.3995,1.3267,1.2501,1.1685,0.985,0.7655,0.30867,-0.37242,-1.0711,-2.34,-4.0461,-6.2882,-8.192,-9.3163,-7.3725,-5.2794,-2.8564,-1.053,-0.076693,0.88046,1.5108,1.9258,2.1296,2.3673,2.5629,2.6829,2.8242,2.9504,3.0593,3.2654,3.5454,3.9422,4.3148,4.9222,5.5574,6.0214,6.6223,7.1532,7.599,7.8828,8.2024,8.4493,8.5973,8.7018,8.7037,8.65,8.3517,7.8013,6.9379,6.0934,4.6088,2.6549,0.84221,-2.0358,-5.3658,-7.5704,-6.9374,-3.715,-0.71209,1.0449,2.8996,4.2211,4.9015,5.3821,5.4208,5.0236,4.4487,3.32,1.7769,0.3261,-1.9401,-4.4793,-6.4732,-8.627,-9.6645,-9.5143,-8.6372,-6.6213,-4.0773,-2.1249,0.30462,2.4507,3.9094,5.5369,6.87,7.9658,8.6615,9.3967,9.9116,10.146,10.331,10.353,10.197
4.2361,4.3841,4.2929,3.899,3.4068,2.4473,1.2027,0.032083,-1.8852,-4.198,-6.6665,-7.986,-7.7727,-6.0226,-4.6622,-3.1345,-2.0573,-1.5179,-1.0895,-0.90595,-0.90322,-1.0072,-1.1257,-1.2282,-1.2632,-1.253,-1.1929,-1.1255,-0.99237,-0.85999,-0.71676,-0.62763,-0.45782,-0.24511,-0.088412,0.19926,0.57345,1.1,1.6164,2.4181,3.3372,4.0571,4.9871,5.8409,6.4126,7.0499,7.5386,7.8749,8.0215,8.0499,7.887,7.6333,7.0964,6.3212,5.5708,4.373,2.9622,1.4127,0.25807,-1.0732,-1.9387,-2.1908,-2.1104,-1.766,-1.4114,-1.1847,-1.0199,-0.97794,-1.0062,-1.1057,-1.1538,-1.095,-0.90287,-0.51963,-0.050602,0.30444,0.70713,1.0019,1.1417,1.19,1.1061,0.94974,0.64946,0.17057,-0.38914,-0.84207,-1.3381,-1.511,-1.2884,-0.57879,0.35682,1.2997,1.9355,2.5879,3.0138,3.1712,3.1565,2.9018,2.5168,1.8143,0.88221,-0.26504,-1.2154,-2.5448,-3.776,-4.5283,-5.166,-5.3761,-5.3034,-5.0193,-4.6842,-4.3647,-4.2211,-4.2627,-4.4215,-4.6043,-4.8569,-5.0475,-5.0316,-4.8562,-4.2514,-3.353,-2.4788,-1.3121,-0.23965,0.42966,1.1061,1.5176,1.6836,1.6738,1.4704,1.0661,0.66459,-0.0025689,-0.77348,-1.3367,-1.9551,-2.2561,-1.959,-1.3651,-0.29734,0.81263,1.5859,2.4292,3.0439,3.4618,3.6585,3.8905,4.147,4.4252,4.905,5.4181,5.7742,6.1368,6.2383,6.0055,5.5405,4.591,3.1674,1.7089,-0.87797,-4.196,-6.3156,-5.6247,-2.3027,0.53539,2.1525,3.7233,4.765,5.2403,5.5136,5.3931,4.8925,4.269,3.1421,1.7025,0.40745,-1.5784,-3.8384,-5.7264,-8.636,-12.438,-19.094,-26.209,-15.218,-8.8657,-5.6348,-2.3447,0.27685,1.8702,3.683,5.1793,6.424,7.2181,8.024,8.6087,8.9136,9.1695,9.2263,9.1071
3.0728,3.3225,3.3748,3.1244,2.7433,2.0654,1.2041,0.47989,-0.53165,-1.4948,-2.2651,-2.6205,-2.7733,-2.5954,-2.3229,-1.9569,-1.6682,-1.5649,-1.5582,-1.7169,-1.9487,-2.0992,-2.2027,-2.0375,-1.7679,-1.2747,-0.7299,-0.33814,0.092625,0.35587,0.45482,0.40148,0.14587,-0.35716,-0.84831,-1.6551,-2.4315,-2.708,-2.3487,-1.096,0.58387,1.8542,3.4238,4.7693,5.6034,6.528,7.2172,7.6856,7.8838,7.9406,7.7569,7.4436,6.7738,5.7865,4.806,3.1368,0.94363,-1.977,-4.7841,-9.56,-12.294,-10.248,-7.1342,-5.1189,-4.0052,-3.6274,-3.6117,-4.1088,-4.78,-5.9987,-7.2713,-7.9047,-7.6025,-6.3603,-4.9345,-4.0027,-3.0666,-2.4496,-2.163,-1.8912,-1.6855,-1.5243,-1.2735,-0.90802,-0.51118,-0.19592,0.26547,0.77409,1.1933,1.7774,2.3583,2.8728,3.1754,3.4398,3.4972,3.3856,2.9849,2.276,1.4869,0.084949,-1.7554,-4.1588,-6.4049,-9.982,-13.875,-16.037,-17.042,-16.432,-15.422,-13.623,-11.846,-10.434,-9.7979,-9.4438,-9.6494,-9.9384,-9.99,-9.1992,-7.6273,-6.2046,-4.4526,-2.8721,-1.8317,-0.66797,0.21407,0.69593,1.07,1.1488,0.92809,0.57615,-0.18809,-1.2622,-2.2734,-3.9362,-6.0474,-8.0346,-11.624,-15.619,-14.345,-10.909,-7.2467,-4.6556,-3.2805,-2.0937,-1.5204,-1.5296,-1.8991,-2.7639,-3.4347,-3.1723,-1.4716,0.73104,2.1595,3.7527,4.8542,5.5089,5.7277,5.6821,5.3288,4.9342,4.3004,3.7443,3.4749,3.5575,4.0479,4.738,5.2848,5.8617,6.2188,6.3141,6.2067,5.8052,5.1098,4.3998,3.1856,1.6832,0.3907,-1.5404,-3.6848,-5.2898,-7.4782,-9.5459,-10.987,-11.09,-9.7218,-7.3516,-5.4933,-3.1302,-1.0816,0.28503,1.9215,3.3277,4.4985,5.1989,6.0207,6.662,7.0278,7.2747,7.2965,7.1146
3.1989,3.3363,3.2658,2.927,2.5203,1.8489,1.0316,0.39568,-0.40707,-1.0498,-1.4407,-1.5652,-1.5448,-1.378,-1.2084,-1.0743,-1.1161,-1.3091,-1.8706,-2.8361,-4.206,-5.3127,-6.3711,-5.898,-4.6201,-2.6183,-0.87274,0.15984,1.132,1.7069,1.8788,1.7596,1.1952,0.10958,-1.1345,-3.6721,-8.0123,-18.05,-16.356,-6.7825,-2.2196,0.10926,2.4346,4.1999,5.2688,6.407,7.2765,7.8827,8.1701,8.3408,8.2434,7.9855,7.3859,6.467,5.5544,3.9785,1.9182,-0.67502,-2.998,-6.2571,-7.9894,-7.4068,-5.7335,-4.4579,-3.7886,-3.7098,-4.1087,-5.1886,-6.5824,-9.4921,-14.845,-24.012,-18.613,-11.513,-8.1805,-6.739,-5.6604,-5.3026,-5.3776,-5.7048,-5.9306,-5.7182,-4.8205,-3.3859,-1.8893,-0.82318,0.4358,1.5233,2.2153,3.0082,3.6723,4.1792,4.4345,4.6079,4.5431,4.3212,3.7698,2.8607,1.9521,0.30704,-1.9343,-4.8815,-7.7707,-12.845,-20.071,-25.815,-27.023,-32.1,-36.408,-21.396,-15.806,-13.008,-11.949,-11.694,-13.12,-15.934,-27.532,-18.968,-10.77,-7.3458,-4.1257,-1.8526,-0.61224,0.63649,1.4471,1.798,1.9382,1.71,1.1033,0.37202,-0.93648,-2.6283,-4.1681,-6.4798,-8.9171,-10.81,-13.237,-15.021,-13.958,-11.663,-8.6609,-6.2784,-4.9499,-3.7893,-3.3366,-3.7095,-4.6429,-7.3285,-13.263,-15.653,-6.7563,-1.4657,1.1277,3.6497,5.4023,6.6022,7.2528,7.7857,8.0544,8.1313,8.1464,8.1235,8.1121,8.1481,8.2303,8.3405,8.4087,8.4413,8.3484,8.1743,7.7607,7.12,6.2297,5.3867,4.0146,2.3311,0.86665,-1.3418,-3.8054,-5.655,-7.7784,-8.9588,-8.8766,-8.2008,-6.9151,-5.4342,-4.293,-2.9026,-1.6201,-0.6718,0.46883,1.5704,2.633,3.4018,4.3331,5.0704,5.457,5.7468,5.7583,5.4519
3.6501,3.5362,3.146,2.4978,1.8641,0.74556,-0.59334,-1.7181,-3.1726,-4.2122,-4.3961,-3.9731,-2.9945,-1.9764,-1.3531,-0.74413,-0.50891,-0.61072,-1.2333,-2.5353,-4.8992,-7.926,-14.77,-12.108,-6.7633,-2.3988,0.3322,1.7469,3.0385,3.7975,4.0816,4.0059,3.5414,2.682,1.7575,0.1974,-1.4857,-2.6651,-2.7188,-1.636,-0.0055385,1.2266,2.7698,4.1647,5.1117,6.2365,7.1805,7.9248,8.342,8.6853,8.7745,8.6754,8.3135,7.6871,7.0469,5.9724,4.7024,3.3007,2.2317,0.92907,-0.063279,-0.53737,-0.96178,-1.2384,-1.542,-1.8402,-2.4283,-3.251,-4.0526,-5.3071,-6.4976,-7.1132,-7.1256,-6.5126,-5.8357,-5.5388,-5.6077,-6.4065,-7.6283,-10.691,-17.036,-22.231,-12.489,-7.0464,-3.6715,-1.8322,0.058805,1.5295,2.4386,3.457,4.2683,4.8931,5.2445,5.5193,5.5638,5.4269,5.0053,4.2821,3.5307,2.2336,0.55734,-1.4978,-3.2894,-5.8706,-8.5081,-10.21,-12.005,-12.881,-12.738,-11.502,-9.8356,-8.4413,-7.724,-7.2987,-7.3021,-7.4434,-7.2528,-6.1069,-4.1697,-2.5513,-0.59136,0.99692,1.9424,2.8593,3.413,3.5848,3.4921,3.0043,2.092,1.0826,-0.69857,-3.1109,-5.4459,-9.4262,-14.256,-16.777,-15.016,-12.155,-9.8063,-8.2841,-6.5494,-5.0022,-4.0281,-2.9685,-2.2206,-1.7594,-1.5894,-1.3887,-0.99204,-0.29183,1.2274,3.1225,4.5438,6.2126,7.5846,8.6411,9.2385,9.82,10.188,10.341,10.447,10.474,10.49,10.462,10.42,10.358,10.27,10.113,9.8619,9.5863,9.067,8.3536,7.4096,6.5237,5.0895,3.304,1.6969,-0.93991,-4.4037,-7.9353,-15.913,-24.292,-12.617,-9.1934,-6.4937,-4.848,-4.0679,-3.4164,-3.0902,-3.0248,-2.7519,-1.9419,-0.55562,0.69301,2.1501,3.3054,3.9104,4.4294,4.5226,4.168
