-7.2536,-6.8037,-6.0139,-5.0978,-4.3867,-3.4319,-2.528,-1.8829,-1.0983,-0.39324,0.22562,0.62987,1.0898,1.4659,1.6903,1.9139,2.0604,2.1198,2.1276,2.0607,1.9246,1.7728,1.5139,1.1865,0.89738,0.45012,-0.070041,-0.51548,-1.1858,-1.9448,-2.8117,-3.552,-4.6867,-6.01,-7.1533,-8.9008,-10.896,-12.994,-14.278,-14.769,-13.659,-12.37,-10.673,-9.2079,-8.2795,-7.2319,-6.3668,-5.6739,-5.2325,-4.7106,-4.2474,-3.927,-3.5231,-3.1498,-2.8898,-2.557,-2.2351,-1.9275,-1.7124,-1.4416,-1.1892,-1.0223,-0.82952,-0.67744,-0.5793,-0.55413,-0.5823,-0.6823,-0.80842,-1.0684,-1.4446,-1.8001,-2.3682,-3.0554,-3.8605,-4.5296,-5.4786,-6.4191,-7.061,-7.7736,-8.1929,-8.2659,-8.0595,-7.5569,-6.9143,-6.3991,-5.7526,-5.152,-4.7382,-4.233,-3.7768,-3.2962,-2.8979,-2.2794,-1.5426,-0.90993,0.020406,1.0169,1.7852,2.7993,3.7833,4.7052,5.3551,6.1605,6.8896,7.3813,7.9648,8.47,8.7968,9.1668,9.4575,9.6662,9.7709,9.8372,9.8201,9.7491,9.5751,9.3085,8.9401,8.5943,8.036,7.3561,6.7571,5.8287,4.7333,3.7897,2.343,0.65742,-1.2831,-2.8512,-4.8654,-6.1615,-6.236,-5.2987,-3.9419,-2.9807,-1.9043,-1.0667,-0.46217,-0.14527,0.12013,0.22845,0.20631,0.039422,-0.26429,-0.69055,-1.0947,-1.752,-2.5181,-3.1594,-4.0899,-5.0755,-5.823,-6.7338,-7.4538,-7.8915,-8.0284,-7.9517,-7.6372,-7.2826,-6.6933,-6.061,-5.5907,-4.983,-4.3932,-3.8527,-3.4758,-3.03,-2.6355,-2.3788,-2.0854,-1.8521,-1.6805,-1.6074,-1.561,-1.5855,-1.6609,-1.8136,-2.0436,-2.2492,-2.5668,-2.9233,-3.295,-3.5551,-3.8569,-4.0917,-4.2567,-4.4373,-4.5949,-4.666,-4.6909,-4.6135,-4.4459,-4.2717,-4.0011,-3.6769,-3.4073,-3.0435,-2.6333,-2.1731
-7.558,-6.703,-5.6433,-4.6668,-3.9839,-3.1374,-2.3628,-1.8301,-1.1824,-0.59926,-0.086789,0.25597,0.65705,0.99562,1.211,1.4455,1.6249,1.7224,1.8026,1.8277,1.7976,1.7366,1.6025,1.4092,1.2228,0.91861,0.55131,0.23195,-0.2497,-0.79652,-1.4015,-1.8889,-2.5736,-3.2848,-3.8131,-4.4714,-5.0302,-5.4404,-5.6233,-5.6824,-5.5468,-5.3387,-4.9661,-4.5257,-4.1794,-3.7251,-3.2955,-2.9005,-2.63,-2.3025,-2.0161,-1.8217,-1.5839,-1.3634,-1.2066,-1.0039,-0.80032,-0.59689,-0.44156,-0.22564,-0.0062923,0.15582,0.36375,0.5552,0.72238,0.82524,0.92532,0.98079,0.98955,0.95179,0.86487,0.76594,0.59051,0.37315,0.12833,-0.069058,-0.34074,-0.60884,-0.8031,-1.0421,-1.2614,-1.4151,-1.611,-1.8059,-2.0101,-2.1807,-2.4608,-2.8266,-3.1808,-3.7841,-4.5739,-5.5784,-6.4658,-7.724,-8.6711,-8.7378,-7.6615,-5.7541,-4.1989,-2.2511,-0.52592,0.97559,1.9692,3.1409,4.1584,4.8341,5.6354,6.3325,6.7936,7.3315,7.7862,8.1598,8.3868,8.6193,8.7703,8.83,8.8377,8.7626,8.6042,8.4317,8.1332,7.7604,7.4362,6.9519,6.4184,5.9963,5.4196,4.8478,4.3015,3.9203,3.4611,3.0674,2.8127,2.524,2.2805,2.1171,1.9094,1.6977,1.4624,1.2602,0.94949,0.57936,0.25688,-0.24279,-0.82944,-1.5088,-2.0801,-2.927,-3.8581,-4.6099,-5.6675,-6.7638,-7.5949,-8.6632,-9.6233,-10.391,-10.794,-11.036,-10.941,-10.674,-10.13,-9.4434,-8.8756,-8.0913,-7.3014,-6.5292,-5.9652,-5.2296,-4.5255,-4.0258,-3.3986,-2.8238,-2.3114,-1.9726,-1.5903,-1.2945,-1.13,-0.99121,-0.9444,-0.97245,-1.0939,-1.3069,-1.613,-1.9056,-2.3791,-2.9382,-3.4143,-4.1126,-4.8851,-5.4997,-6.324,-7.0884,-7.6999,-8.0156,-8.222,-8.2222,-8.1433,-8.0246,-8.0027,-8.1922
-4.2161,-3.5201,-2.7143,-2.0425,-1.6199,-1.1608,-0.82077,-0.63801,-0.48664,-0.42586,-0.43907,-0.48458,-0.56168,-0.61841,-0.622,-0.54496,-0.35949,-0.15335,0.18766,0.56705,0.93707,1.1888,1.4617,1.6401,1.7075,1.7046,1.5855,1.4215,1.1054,0.68584,0.18077,-0.25331,-0.88345,-1.5428,-2.0293,-2.6283,-3.1154,-3.4393,-3.5527,-3.5302,-3.3261,-3.0806,-2.6789,-2.2397,-1.9175,-1.5268,-1.2117,-0.98501,-0.88991,-0.87599,-0.9978,-1.1835,-1.5656,-2.0967,-2.5777,-3.2966,-4.0201,-4.5483,-4.6736,-4.3618,-3.5555,-2.7603,-1.6312,-0.5568,0.38452,0.9826,1.631,2.1053,2.3536,2.542,2.5733,2.4968,2.2756,1.9149,1.4322,1.0098,0.38896,-0.25033,-0.69545,-1.1599,-1.3974,-1.402,-1.1975,-0.7917,-0.28191,0.11964,0.62594,1.0658,1.341,1.6328,1.844,1.9922,2.0687,2.1453,2.2137,2.2698,2.3655,2.4851,2.5915,2.7397,2.8813,3.0073,3.0965,3.2104,3.3509,3.4953,3.771,4.177,4.5705,5.1943,5.8879,6.598,7.1109,7.7335,8.2595,8.5827,8.9072,9.1066,9.1791,9.1498,9.0057,8.7475,8.4817,8.0352,7.4917,7.0284,6.3443,5.5989,4.8051,4.1965,3.3812,2.5929,2.0439,1.4029,0.89663,0.62643,0.41253,0.33282,0.34312,0.37463,0.41139,0.40354,0.34654,0.17716,-0.11372,-0.54964,-0.98112,-1.7184,-2.662,-3.5218,-4.8984,-6.5631,-8.0194,-10.311,-12.948,-15.445,-16.405,-15.783,-14.228,-13.156,-12.106,-11.496,-11.323,-11.377,-11.756,-12.237,-12.41,-11.92,-10.449,-8.9555,-6.8715,-4.9227,-3.1998,-2.0768,-0.7933,0.27067,0.93295,1.6494,2.1801,2.4614,2.6869,2.7445,2.6322,2.4334,2.011,1.3971,0.81163,-0.16313,-1.3733,-2.4384,-4.0519,-5.7815,-7.3019,-7.9072,-7.6198,-6.4426,-5.4096,-4.1483,-3.0881,-2.2197
0.42592,0.61367,0.81182,0.93702,0.97683,0.93653,0.77339,0.55204,0.093655,-0.59658,-1.6085,-2.6463,-4.5589,-7.4405,-10.765,-18.69,-15.927,-10.317,-5.8768,-3.0272,-1.0357,0.084748,1.2112,2.0067,2.4181,2.7491,2.8489,2.7752,2.4881,1.9784,1.2329,0.4991,-0.74689,-2.3735,-3.9523,-6.7625,-11.096,-20.242,-27.949,-13.291,-8.2489,-5.875,-3.6002,-1.953,-0.99684,-0.029936,0.66869,1.1417,1.36,1.4687,1.3771,1.1757,0.71336,0.013112,-0.68099,-1.846,-3.2751,-4.7282,-5.457,-5.2289,-3.6728,-2.1742,-0.24027,1.4166,2.7628,3.5863,4.4573,5.0844,5.4039,5.6446,5.6633,5.5314,5.1579,4.5367,3.6303,2.7396,1.1968,-0.87702,-2.8812,-6.2337,-9.1039,-8.2288,-4.7475,-1.7308,0.51894,1.8278,3.1927,4.2204,4.8182,5.4314,5.8709,6.1646,6.3005,6.3815,6.3624,6.286,6.108,5.8426,5.5804,5.1291,4.5231,3.7142,2.9253,1.5242,-0.52121,-2.7679,-7.8745,-27.141,-11.9,-3.5086,0.7854,3.6274,5.2274,6.8747,8.0999,8.7956,9.4684,9.8811,10.062,10.052,9.8601,9.4747,9.0598,8.3427,7.4451,6.6542,5.4425,4.0422,2.4372,1.077,-0.99649,-3.4806,-5.7237,-9.5574,-14.448,-15.681,-11.375,-7.4549,-4.6813,-3.108,-1.4692,-0.22364,0.49906,1.2311,1.7276,2.0331,2.1443,2.1429,1.9785,1.7572,1.3507,0.85035,0.43735,-0.14992,-0.74553,-1.297,-1.6764,-2.1357,-2.5725,-2.9107,-3.3934,-3.9438,-4.4093,-5.1131,-5.8801,-6.6241,-7.0345,-7.1399,-6.5054,-5.5255,-3.8201,-1.9711,-0.18539,1.0497,2.5419,3.8463,4.7037,5.6977,6.5202,7.0209,7.5538,7.9351,8.1705,8.2595,8.2635,8.1489,7.9941,7.7074,7.3438,7.0376,6.6025,6.1585,5.7259,5.4247,5.0597,4.7219,4.4647,4.0914,3.6774,3.2258
-1.2009,-1.408,-1.5938,-1.6453,-1.5921,-1.4295,-1.2214,-1.0877,-0.98115,-0.994,-1.1506,-1.3678,-1.7391,-2.1459,-2.3979,-2.533,-2.3462,-1.982,-1.287,-0.48905,0.29269,0.83032,1.4411,1.92,2.1844,2.4038,2.4838,2.4463,2.2756,1.9715,1.5336,1.1276,0.49643,-0.20093,-0.74851,-1.4437,-2.0051,-2.3462,-2.4147,-2.2484,-1.853,-1.4561,-0.86512,-0.27228,0.12838,0.5778,0.92207,1.171,1.2908,1.3626,1.3631,1.3253,1.2448,1.1582,1.1165,1.1125,1.1981,1.4054,1.6511,2.0943,2.6612,3.1492,3.8505,4.5617,5.2331,5.6917,6.2249,6.6407,6.8689,7.0617,7.1214,7.0778,6.9154,6.643,6.2782,5.9618,5.5094,5.0608,4.7736,4.4892,4.3606,4.3802,4.5625,4.8781,5.2651,5.5697,5.9489,6.2569,6.43,6.5737,6.6036,6.5075,6.3469,6.018,5.5684,5.1662,4.5697,3.9579,3.5273,3.0437,2.6993,2.5055,2.451,2.4519,2.512,2.6013,2.8316,3.2536,3.7322,4.5742,5.5651,6.5887,7.318,8.1794,8.8725,9.2656,9.6057,9.7333,9.6364,9.4139,8.9206,8.1978,7.5003,6.3524,4.9518,3.7247,1.8336,-0.35546,-2.8434,-4.8752,-7.6248,-10.078,-11.415,-12.223,-11.96,-11.207,-9.6359,-7.7116,-5.7175,-4.3033,-2.5934,-1.0985,-0.13343,0.95515,1.8272,2.5088,2.9127,3.3067,3.5522,3.6418,3.6413,3.5205,3.3516,3.0306,2.6058,2.0911,1.6465,0.96905,0.19681,-0.45322,-1.4014,-2.4253,-3.234,-4.2971,-5.192,-5.6895,-5.6692,-5.1045,-4.0416,-3.0325,-1.5515,-0.021028,1.4917,2.5722,3.9286,5.1642,6.0043,7.0138,7.8866,8.4492,9.0828,9.5875,9.9645,10.17,10.344,10.41,10.396,10.293,10.102,9.9063,9.5811,9.1831,8.718,8.3251,7.7361,7.0601,6.4859,5.622,4.6423,3.5194
-6.0209,-8.9536,-15.248,-17.189,-11.653,-6.9923,-4.1533,-2.6885,-1.3037,-0.37716,0.22251,0.50718,0.72734,0.81552,0.81895,0.79377,0.77007,0.77606,0.82997,0.95034,1.1241,1.2803,1.4931,1.6934,1.8118,1.9073,1.9318,1.8768,1.7254,1.4928,1.1853,0.91951,0.52692,0.13194,-0.14999,-0.47109,-0.69521,-0.80642,-0.80772,-0.71368,-0.53003,-0.34558,-0.074199,0.18385,0.34135,0.47888,0.50975,0.40394,0.22693,-0.14705,-0.6544,-1.1192,-1.7735,-2.3238,-2.5335,-2.3473,-1.6163,-0.50621,0.44698,1.736,2.9682,3.8234,4.8482,5.7376,6.4878,6.9604,7.4763,7.8481,8.0328,8.1566,8.1468,8.0568,7.8384,7.525,7.1446,6.8378,6.4295,6.064,5.854,5.6766,5.6466,5.7267,5.9477,6.2507,6.5914,6.8448,7.1452,7.3677,7.4643,7.478,7.3292,6.9779,6.5622,5.7834,4.6913,3.608,1.6875,-1.0448,-4.0123,-10.529,-13.393,-5.679,-2.1949,0.93537,3.1484,4.4438,5.8563,7.0242,7.7807,8.6643,9.4273,10.074,10.483,10.918,11.218,11.344,11.371,11.229,10.9,10.528,9.8581,8.9784,8.1726,6.8854,5.3401,3.9891,1.9096,-0.51725,-3.3202,-5.6032,-8.665,-10.881,-11.345,-10.771,-9.6299,-8.6495,-7.3066,-5.9136,-4.4744,-3.3765,-1.9254,-0.52129,0.48516,1.7175,2.7873,3.659,4.1969,4.7634,5.1692,5.3741,5.5171,5.5213,5.4358,5.1965,4.8266,4.326,3.8573,3.0904,2.1826,1.3826,0.12771,-1.4163,-2.8221,-5.1579,-8.1855,-11.599,-12.573,-9.6454,-5.9836,-3.6996,-1.176,0.89937,2.6682,3.8342,5.2275,6.4599,7.2803,8.2501,9.086,9.6263,10.233,10.719,11.089,11.293,11.468,11.541,11.531,11.434,11.248,11.051,10.713,10.291,9.7855,9.3479,8.681,7.9139,7.2723,6.333,5.298,4.1471
0.65869,0.17161,-0.27358,-0.33397,-0.10581,0.4595,1.1174,1.5726,2.0365,2.2946,2.327,2.205,1.841,1.2647,0.70082,-0.22015,-1.2703,-2.0615,-2.94,-3.3692,-3.2315,-2.831,-2.1193,-1.4148,-0.98601,-0.61789,-0.44544,-0.46104,-0.66506,-1.0671,-1.6624,-2.2157,-3.066,-3.9809,-4.6661,-5.4855,-6.0222,-6.1042,-5.8519,-5.2014,-4.3513,-3.6698,-2.8059,-2.0591,-1.6013,-1.1476,-0.88965,-0.86418,-1.0279,-1.5497,-2.4656,-3.4868,-5.4923,-8.6291,-12.062,-14.48,-9.2008,-4.6949,-2.2207,0.32146,2.2882,3.4985,4.8269,5.8884,6.7178,7.2037,7.6814,7.9629,8.0559,8.0225,7.8032,7.5116,6.9413,6.1527,5.1168,4.1661,2.6476,0.88574,-0.43175,-1.6281,-1.3902,-0.35595,1.4061,3.0844,4.4949,5.3709,6.3044,6.9944,7.3625,7.6616,7.753,7.6455,7.4466,7.0401,6.4798,5.9629,5.1835,4.3911,3.879,3.4693,3.5325,4.1033,4.7796,5.8532,6.972,7.7811,8.7779,9.6615,10.242,10.909,11.457,11.88,12.121,12.338,12.433,12.421,12.297,12.054,11.691,11.337,10.749,10.024,9.3871,8.4138,7.3085,6.3923,5.0734,3.6613,2.1516,0.97477,-0.66448,-2.3514,-3.6769,-5.6512,-8.1039,-10.419,-13.861,-13.569,-9.3358,-6.4225,-3.351,-0.98427,0.4516,2.0227,3.2927,4.2984,4.8963,5.4953,5.8919,6.0712,6.1656,6.1141,5.9959,5.7393,5.3896,4.9596,4.5866,4.0269,3.4158,2.9223,2.2464,1.5573,1.0564,0.45293,-0.031361,-0.30755,-0.34204,-0.1178,0.37856,0.90013,1.7607,2.7399,3.782,4.5661,5.5946,6.58,7.2668,8.0967,8.8186,9.2809,9.7893,10.174,10.43,10.545,10.599,10.549,10.449,10.252,9.985,9.7463,9.3848,8.9778,8.5231,8.1453,7.5867,6.9472,6.4034,5.5551,4.5181,3.2468
3.1997,3.2898,3.373,3.4374,3.469,3.4795,3.44,3.3589,3.1635,2.8361,2.3314,1.812,0.89685,-0.31899,-1.4742,-3.4489,-6.1161,-8.842,-13.974,-17.962,-13.295,-10.246,-7.6257,-6.0301,-5.2773,-4.7353,-4.607,-4.7669,-5.2977,-6.1718,-7.3823,-8.5234,-10.401,-12.784,-15.059,-19.332,-27.391,-31.437,-22.51,-16.9,-13.365,-11.339,-9.1638,-7.4545,-6.3908,-5.2186,-4.3274,-3.699,-3.3824,-3.143,-3.0703,-3.1013,-3.1852,-3.2258,-3.1696,-2.8753,-2.289,-1.4504,-0.71409,0.31513,1.323,2.0314,2.8815,3.6068,4.1974,4.5464,4.8748,5.0449,5.0681,4.9552,4.6666,4.3314,3.7101,2.8587,1.7527,0.73276,-0.92615,-2.9285,-4.5582,-6.1628,-5.7949,-4.3484,-2.0875,-0.098589,1.5159,2.505,3.5551,4.3334,4.7618,5.1379,5.3184,5.3347,5.2505,5.0249,4.7043,4.4358,4.0944,3.8455,3.7618,3.8266,4.1077,4.5892,5.0527,5.7618,6.5075,7.06,7.7484,8.3543,8.7389,9.1478,9.4359,9.5999,9.6443,9.6029,9.4624,9.3027,9.0299,8.7036,8.3421,8.0508,7.6352,7.1907,6.834,6.3207,5.7508,5.283,4.6007,3.8463,3.0049,2.3287,1.3522,0.30156,-0.53667,-1.7081,-2.8943,-3.6744,-4.3181,-4.2588,-3.5153,-2.6729,-1.4086,-0.14497,0.71571,1.6809,2.4215,2.963,3.2466,3.462,3.5011,3.4125,3.1452,2.7275,2.3309,1.7192,1.0643,0.42224,-0.017359,-0.5044,-0.8615,-1.0615,-1.2675,-1.4571,-1.5969,-1.83,-2.1397,-2.4993,-2.792,-3.1885,-3.4821,-3.563,-3.3312,-2.6217,-1.4998,-0.50142,0.8701,2.1623,3.0264,4.012,4.7909,5.2373,5.6508,5.8633,5.8806,5.7777,5.4954,5.076,4.691,4.1081,3.5067,3.0705,2.5573,2.1589,1.8971,1.7758,1.686,1.6282,1.5675,1.4057,1.1497,0.79511
2.9477,3.1779,3.3821,3.4767,3.4883,3.423,3.2645,3.085,2.7669,2.3485,1.8284,1.3683,0.64377,-0.1988,-0.89784,-1.8977,-2.9237,-3.6608,-4.5053,-5.1101,-5.4401,-5.549,-5.6191,-5.74,-5.9182,-6.309,-6.9361,-7.5674,-8.6416,-10.003,-11.672,-13.144,-15.394,-17.903,-19.837,-22.324,-24.064,-24.296,-23.299,-20.943,-18.228,-16.227,-13.789,-11.659,-10.268,-8.6906,-7.422,-6.4466,-5.8667,-5.2759,-4.8786,-4.6672,-4.4705,-4.3052,-4.1782,-3.9625,-3.6584,-3.2449,-2.8616,-2.2699,-1.6148,-1.1174,-0.48939,0.069418,0.52367,0.78695,1.015,1.1136,1.1053,0.97801,0.73148,0.48459,0.083834,-0.36762,-0.8478,-1.206,-1.652,-2.0132,-2.1981,-2.2619,-2.0959,-1.8143,-1.2858,-0.65024,0.033965,0.53479,1.1444,1.6514,1.9463,2.2024,2.2807,2.1503,1.8862,1.2804,0.38287,-0.48282,-1.8803,-3.4059,-4.3024,-4.4049,-3.0964,-1.1904,0.2166,1.8691,3.2233,4.0509,4.9208,5.5381,5.8473,6.0635,6.0618,5.8515,5.5645,5.0274,4.3393,3.7579,2.9529,2.2001,1.6274,1.3674,1.256,1.3518,1.4955,1.6976,1.8529,1.9178,1.919,1.8396,1.6919,1.541,1.2899,0.98177,0.74582,0.4475,0.19198,0.048195,-0.056159,-0.059035,0.05355,0.1929,0.41721,0.65753,0.83593,1.0446,1.1773,1.1898,1.1089,0.85597,0.42524,-0.028948,-0.83231,-1.9204,-2.9477,-4.6586,-6.8038,-9.3244,-11.081,-12.039,-10.939,-9.6066,-7.9849,-6.8134,-6.2404,-5.8432,-5.8542,-6.3066,-6.9915,-8.5228,-11.13,-14.493,-25.746,-18.9,-10.89,-7.5389,-4.4402,-2.2611,-1.0439,0.16335,0.95929,1.3198,1.4966,1.3518,0.88789,0.34299,-0.64819,-1.9297,-3.0792,-4.8312,-6.7573,-8.2226,-9.9074,-10.757,-10.388,-9.4748,-7.896,-6.326,-5.2677,-4.0679,-3.1136,-2.4168
3.0408,3.1974,3.2893,3.2642,3.1727,2.9703,2.6986,2.4516,2.0804,1.6794,1.2611,0.94508,0.51395,0.066481,-0.28262,-0.76221,-1.2442,-1.606,-2.0847,-2.5772,-3.0965,-3.5036,-4.0832,-4.7493,-5.3196,-6.2014,-7.2764,-8.1919,-9.584,-11.196,-13.047,-14.625,-16.988,-19.64,-21.847,-25.27,-28.913,-29.64,-27.077,-22.92,-19.423,-17.152,-14.549,-12.364,-10.938,-9.3487,-8.1106,-7.1827,-6.6731,-6.2213,-6.0519,-6.1063,-6.4161,-6.9461,-7.4614,-8.1814,-8.7288,-8.7503,-8.3174,-7.2876,-6.0306,-5.1074,-4.0271,-3.1707,-2.5754,-2.294,-2.1444,-2.212,-2.4045,-2.8222,-3.3575,-3.7823,-4.3028,-4.682,-4.8871,-4.922,-4.8542,-4.6999,-4.5569,-4.3329,-4.1042,-3.9076,-3.5893,-3.1678,-2.5973,-2.0948,-1.3627,-0.62197,-0.10564,0.4649,0.84584,0.9785,0.88608,0.48234,-0.29379,-1.1672,-2.8113,-4.9868,-6.5987,-7.0413,-4.8683,-2.1649,-0.4211,1.4328,2.8102,3.5811,4.3012,4.7041,4.8147,4.7112,4.3193,3.6283,2.8981,1.5963,-0.15525,-1.839,-4.7785,-8.8562,-13.484,-13.224,-9.2119,-6.12,-4.4892,-2.9398,-1.8712,-1.2781,-0.70947,-0.31639,-0.056833,0.07565,0.19428,0.26331,0.28946,0.31376,0.3263,0.32438,0.31324,0.28844,0.27283,0.27447,0.26609,0.21718,0.15563,0.054373,-0.070092,-0.24164,-0.42177,-0.75832,-1.2321,-1.7014,-2.5037,-3.5574,-4.5458,-6.1779,-8.2072,-10.495,-12.013,-12.73,-11.616,-10.333,-8.6794,-7.3534,-6.5879,-5.8584,-5.3871,-5.1664,-5.1394,-5.2503,-5.4057,-5.4599,-5.2986,-4.7429,-3.8104,-2.9739,-1.8415,-0.8331,-0.22257,0.36767,0.66689,0.69056,0.43328,-0.17421,-1.1559,-2.1621,-3.9343,-6.2764,-8.485,-12.231,-17.2,-21.931,-29.153,-34.832,-28.495,-21.962,-15.868,-11.669,-9.2893,-6.8504,-5.0013,-3.6801
4.0132,3.9876,3.8099,3.4611,3.0955,2.4938,1.8006,1.2508,0.55943,-0.014851,-0.39358,-0.53714,-0.58213,-0.53224,-0.48137,-0.44511,-0.48256,-0.56918,-0.77483,-1.0813,-1.5067,-1.9078,-2.5525,-3.3202,-3.9929,-5.0071,-6.1851,-7.1582,-8.6177,-10.253,-12.095,-13.622,-15.891,-18.305,-20.061,-21.897,-22.469,-21.327,-19.828,-17.414,-14.999,-13.279,-11.135,-9.267,-8.0498,-6.707,-5.6845,-4.9337,-4.5678,-4.3723,-4.5052,-4.8256,-5.6532,-7.0244,-8.538,-11.551,-16.783,-23.975,-17.918,-11.777,-8.2483,-6.4523,-4.7722,-3.6612,-3.0336,-2.8334,-2.9325,-3.4528,-4.1441,-5.4874,-7.3936,-9.2765,-12.314,-14.438,-13.212,-11.337,-9.184,-7.7638,-7.1145,-6.7742,-6.9913,-7.4672,-8.4481,-9.2942,-8.953,-7.6234,-5.1927,-2.833,-1.3118,0.34971,1.6227,2.5492,3.0613,3.5438,3.799,3.8655,3.8703,3.8798,3.9406,4.1485,4.5207,5.0119,5.4116,5.9146,6.3211,6.5319,6.6618,6.5992,6.4183,5.9943,5.3451,4.4612,3.6342,2.3049,0.69798,-0.66786,-2.6253,-4.5394,-5.9169,-6.2428,-5.7843,-4.8757,-4.2192,-3.4915,-2.9302,-2.5891,-2.2312,-1.9521,-1.7276,-1.5837,-1.3654,-1.1209,-0.93118,-0.6949,-0.4908,-0.37796,-0.28708,-0.28592,-0.38913,-0.52554,-0.76419,-1.0455,-1.2838,-1.5799,-1.773,-1.8488,-1.8329,-1.761,-1.7252,-1.764,-1.921,-2.2375,-2.5592,-3.0933,-3.7128,-4.3343,-4.7312,-5.0745,-5.204,-5.1691,-4.9444,-4.5832,-4.2346,-3.6996,-3.096,-2.479,-2.0079,-1.3804,-0.75912,-0.30383,0.33175,0.96884,1.5999,2.0554,2.6078,3.0594,3.3069,3.4887,3.4619,3.295,2.8557,2.1527,1.1536,0.18752,-1.3927,-3.3049,-4.9568,-7.4027,-9.9467,-11.615,-12.953,-12.948,-11.833,-10.534,-8.5237,-6.4531,-5.0112,-3.3044,-1.9088,-0.84481
5.4687,5.3291,4.8953,4.1519,3.3587,1.9339,0.040979,-1.7305,-4.5474,-7.2,-7.5727,-6.2357,-4.1219,-2.4299,-1.4826,-0.58448,-0.029862,0.20246,0.2986,0.19616,-0.099865,-0.44914,-1.0728,-1.8729,-2.5864,-3.6518,-4.8429,-5.8164,-7.1862,-8.5695,-9.976,-11.099,-12.881,-15.079,-17.095,-20.161,-20.933,-17.69,-14.856,-11.681,-9.0637,-7.402,-5.5335,-3.9766,-2.9965,-1.9385,-1.1369,-0.55566,-0.29463,-0.16874,-0.27945,-0.50331,-0.97987,-1.6157,-2.1669,-2.8995,-3.4494,-3.6378,-3.4857,-2.9584,-2.2186,-1.6517,-0.98768,-0.52199,-0.29875,-0.30545,-0.57307,-1.1582,-1.8273,-3.0388,-4.6711,-6.1323,-8.0748,-9.1131,-8.5881,-7.5611,-6.1051,-4.9959,-4.4812,-4.2571,-4.5862,-5.2413,-6.6755,-8.4955,-8.7933,-6.9132,-3.5527,-0.57014,1.2629,3.2407,4.8041,6.0364,6.7859,7.595,8.2101,8.5794,8.9879,9.3212,9.5256,9.7573,9.9463,10.089,10.157,10.176,10.098,9.968,9.684,9.2701,8.8667,8.2038,7.4133,6.4997,5.7408,4.6571,3.5024,2.6209,1.4757,0.38852,-0.56418,-1.1782,-1.8798,-2.4771,-2.8856,-3.3843,-3.8572,-4.2159,-4.6411,-4.9737,-5.151,-5.1281,-4.8421,-4.2585,-3.7027,-2.928,-2.1852,-1.7054,-1.2244,-0.98957,-1.0919,-1.4392,-2.2534,-3.4774,-4.6856,-6.5735,-7.9112,-7.2942,-5.8783,-3.8877,-2.296,-1.4191,-0.65851,-0.27619,-0.20982,-0.36142,-0.7404,-1.3479,-1.9089,-2.7625,-3.6966,-4.3503,-5.0675,-5.345,-5.1192,-4.287,-3.0526,-1.665,-0.61461,0.72712,1.9544,2.8004,3.8169,4.7222,5.5052,6.0184,6.5805,7.0031,7.2256,7.3806,7.362,7.2299,6.8858,6.3485,5.6221,4.9665,3.9695,2.8587,2,0.88699,-0.088518,-0.67463,-1.1737,-1.3131,-1.0848,-0.69601,0.02375,0.89473,1.5863,2.506,3.3502,4.0581
5.7691,5.7372,5.3786,4.6554,3.8603,2.4321,0.5295,-1.2102,-3.8348,-6.1027,-6.5648,-5.6739,-4.0917,-2.7728,-2.0385,-1.3282,-0.87577,-0.66305,-0.53979,-0.58449,-0.79718,-1.0888,-1.7082,-2.6071,-3.5076,-5.0185,-6.8895,-8.4758,-10.434,-11.577,-11.41,-10.762,-9.7792,-8.986,-8.4558,-7.737,-6.8878,-5.8548,-4.9721,-3.7173,-2.4953,-1.6156,-0.53068,0.38655,0.96677,1.5877,2.054,2.3309,2.4169,2.3897,2.2025,1.9646,1.5725,1.1167,0.77252,0.35874,0.057933,-0.070803,-0.046739,0.11886,0.39656,0.62969,0.94103,1.1733,1.2925,1.2813,1.1351,0.82311,0.49724,-0.058327,-0.67211,-1.0929,-1.5746,-1.8597,-1.9065,-1.7743,-1.4336,-1.0002,-0.65817,-0.22107,0.20454,0.48655,0.86458,1.3152,1.9646,2.5768,3.5456,4.6079,5.3978,6.3937,7.2991,8.1133,8.6504,9.2572,9.7847,10.146,10.575,10.927,11.142,11.364,11.494,11.517,11.455,11.26,10.924,10.572,9.9724,9.229,8.5816,7.6223,6.5702,5.4681,4.6272,3.5202,2.4273,1.597,0.49763,-0.57682,-1.6728,-2.5465,-3.8037,-5.1074,-6.0798,-7.4006,-8.7714,-9.9259,-11.582,-13.577,-15.772,-17.296,-17.133,-14.1,-11.479,-8.5018,-6.1294,-4.7157,-3.2923,-2.3386,-1.8264,-1.7706,-2.2268,-3.2803,-4.4539,-6.4739,-8.0599,-7.1173,-5.2163,-2.7759,-0.9595,0.02789,0.8956,1.3072,1.3327,1.034,0.39904,-0.58449,-1.5905,-3.3586,-5.7147,-8.0757,-12.857,-24.24,-23.2,-12.239,-7.3561,-4.0725,-2.1244,0.022439,1.8189,2.99,4.3489,5.5039,6.49,7.1187,7.8281,8.3836,8.7011,8.9838,9.1083,9.0872,8.9004,8.5266,7.9659,7.4254,6.536,5.4706,4.5727,3.2873,1.9865,1.1014,0.24208,-0.0055773,0.42224,1.0714,2.1796,3.3361,4.1669,5.1593,6.0016,6.6987
5.4876,5.5503,5.3531,4.8708,4.3428,3.4524,2.3935,1.532,0.3981,-0.62708,-1.5149,-2.0916,-2.7201,-3.2705,-3.6688,-4.1625,-4.5046,-4.5937,-4.4447,-4.1136,-3.7607,-3.5786,-3.5648,-3.9217,-4.5035,-5.7852,-7.7505,-9.7867,-13.362,-15.279,-12.369,-9.881,-7.2464,-5.2969,-4.1606,-2.9293,-1.927,-1.073,-0.50345,0.19622,0.81608,1.2273,1.7036,2.1082,2.3518,2.5856,2.7069,2.6696,2.5414,2.2422,1.7615,1.2512,0.39914,-0.64414,-1.4971,-2.6347,-3.4961,-3.7847,-3.5573,-2.8499,-1.9804,-1.3607,-0.65744,-0.15058,0.16899,0.26275,0.21946,0.011337,-0.24971,-0.72699,-1.2869,-1.7578,-2.4206,-2.9785,-3.2702,-3.2138,-2.7518,-1.9019,-1.1223,-0.0063544,1.0797,1.8289,2.7421,3.5609,4.2929,4.7701,5.328,5.797,6.0821,6.3955,6.6287,6.8115,6.945,7.1632,7.4798,7.7844,8.2434,8.7207,9.0664,9.456,9.7146,9.8047,9.7414,9.4703,8.9667,8.4278,7.4803,6.2679,5.1887,3.5434,1.7326,-0.082128,-1.3226,-2.6307,-3.475,-3.9499,-4.5713,-5.3605,-6.4653,-7.5152,-9.2355,-11.355,-13.216,-15.924,-18.287,-19.631,-20.728,-21.661,-22.573,-23.012,-21.831,-18.392,-15.548,-12.059,-8.9511,-6.9706,-4.7961,-3.1595,-1.8989,-1.124,-0.39885,-0.0052242,0.18877,0.43497,0.7233,1.0941,1.4396,1.9514,2.3982,2.6399,2.768,2.6664,2.408,1.8015,0.8915,-0.32183,-1.4313,-3.1752,-5.1728,-6.734,-8.5816,-9.8275,-10.003,-9.1577,-7.4712,-5.4056,-3.8031,-1.835,-0.095776,1.0669,2.4262,3.6013,4.6296,5.317,6.1439,6.8727,7.3468,7.8671,8.2535,8.431,8.5076,8.3776,8.0173,7.5768,6.7333,5.5554,4.3997,2.3759,-0.48186,-3.5868,-11.11,-19.562,-6.5482,-2.6701,0.56152,2.7358,3.956,5.202,6.11,6.7678
5.7164,5.6524,5.3656,4.8406,4.306,3.4368,2.3978,1.5274,0.29224,-0.98454,-2.299,-3.3087,-4.7627,-6.4435,-8.0148,-10.853,-15.111,-18.299,-15.213,-10.486,-7.3157,-5.6863,-4.1647,-3.2361,-2.8282,-2.6035,-2.6102,-2.6907,-2.7411,-2.5899,-2.1789,-1.7233,-1.0344,-0.33615,0.14729,0.70024,1.135,1.4522,1.6046,1.7192,1.755,1.7425,1.689,1.6389,1.6204,1.6192,1.6072,1.5578,1.4574,1.156,0.59968,-0.039108,-1.2885,-3.1435,-5.1091,-9.0673,-17.001,-23.437,-13.386,-8.1546,-5.3437,-3.9826,-2.8163,-2.1395,-1.8192,-1.7513,-1.8385,-2.1022,-2.4112,-2.9748,-3.8307,-4.7476,-6.4501,-9.1113,-13.377,-16.749,-12.813,-7.5136,-4.6669,-1.8354,0.2592,1.4831,2.7894,3.7795,4.4682,4.8178,5.0709,5.0613,4.8858,4.4159,3.6477,2.5814,1.674,0.64968,0.42065,0.96577,2.3506,3.9132,4.9708,6.0958,6.8722,7.3035,7.405,7.2432,6.7319,6.1106,4.9358,3.3086,1.7393,-0.96355,-4.661,-10.227,-17.449,-21.312,-13.435,-10.968,-9.5252,-9.3592,-10.027,-10.921,-12.79,-15.721,-18.754,-23.822,-30.806,-33.632,-28.875,-27.061,-26.89,-25.941,-22.454,-18.483,-15.636,-12.114,-9.0123,-6.9855,-4.6353,-2.6196,-1.0043,-0.0052248,1.1447,2.0791,2.6344,3.24,3.7278,4.1098,4.3195,4.5063,4.5821,4.5384,4.3308,3.9346,3.5168,2.7604,1.7238,0.41914,-0.74523,-2.614,-4.9739,-7.1105,-10.845,-16.538,-22.388,-17.32,-11.48,-7.8313,-5.842,-3.8098,-2.2698,-1.3849,-0.48246,0.23464,0.88577,1.4109,2.2454,3.2476,4.0594,5.1371,6.0955,6.6951,7.3025,7.6631,7.7621,7.6593,7.3044,6.6855,6.0542,5.0142,3.8331,2.955,2.0309,1.6924,2.028,2.5816,3.4524,4.2787,4.8031,5.3469,5.7184,5.9151
5.3982,5.1839,4.7039,3.9802,3.2638,2.0731,0.61938,-0.64353,-2.5524,-4.5833,-6.435,-7.5213,-8.4466,-8.9742,-9.3086,-9.8635,-10.381,-10.323,-9.1908,-7.2868,-5.2721,-3.9143,-2.4163,-1.2458,-0.55807,0.1587,0.68504,0.9931,1.3488,1.6427,1.8983,2.0847,2.3073,2.4688,2.5389,2.5375,2.4048,2.1073,1.7689,1.1247,0.25946,-0.51866,-1.6466,-2.6641,-3.1145,-3.0486,-2.3747,-1.4822,-0.89287,-0.37482,-0.19538,-0.2786,-0.69997,-1.4483,-2.1841,-3.2466,-4.1446,-4.5718,-4.5165,-4.1487,-3.762,-3.5953,-3.6138,-3.9243,-4.5011,-5.0052,-5.6329,-6.0414,-6.1349,-6.0708,-6.0039,-6.0439,-6.314,-6.8567,-7.3313,-7.2297,-6.135,-4.2191,-2.659,-0.73974,0.86042,1.8611,2.9138,3.6681,4.1342,4.3108,4.3004,3.9927,3.5469,2.5932,1.1554,-0.97352,-3.2864,-7.9582,-11.952,-8.2433,-3.2688,0.036572,1.781,3.4458,4.556,5.2189,5.4605,5.4608,5.1131,4.624,3.67,2.364,1.1533,-0.74637,-2.8952,-5.071,-6.472,-7.6807,-8.1758,-8.3742,-8.6362,-9.0483,-9.7288,-10.506,-11.769,-13.191,-14.39,-16.204,-17.663,-18.68,-20.197,-21.647,-23.248,-23.669,-20.552,-16.256,-13.489,-10.257,-7.4612,-5.6435,-3.5556,-1.7671,-0.18668,0.81544,1.9165,2.8539,3.449,4.0807,4.5513,4.8915,5.0579,5.15,5.1039,4.9794,4.6979,4.2558,3.8184,3.1054,2.2227,1.1479,0.21662,-1.1857,-2.7476,-4.032,-5.7415,-7.2012,-7.7872,-7.6302,-6.6862,-5.4811,-4.6697,-3.8676,-3.446,-3.4166,-3.8759,-5.0296,-6.992,-8.5999,-8.3098,-4.7901,-2.0764,0.85982,3.0801,4.372,5.6836,6.6011,7.1871,7.4419,7.5578,7.4645,7.2854,6.9397,6.5195,6.1902,5.7872,5.4583,5.2139,5.0751,4.9217,4.7608,4.6032,4.3128,3.9154,3.4015
4.2315,4.0045,3.4889,2.7207,1.9535,0.61591,-1.1399,-2.8091,-5.7315,-10.008,-17.59,-32.505,-16.71,-11.398,-9.2074,-7.2463,-5.8181,-4.9341,-3.8376,-2.7642,-1.7464,-1.0211,-0.14926,0.61361,1.0981,1.6455,2.0862,2.3564,2.6338,2.8379,2.9824,3.0401,3.0621,3.0119,2.9098,2.6754,2.2895,1.708,1.1061,0.0026106,-1.5716,-3.1995,-6.3622,-11.94,-21.309,-14.975,-7.923,-4.3541,-2.6552,-1.1037,-0.14028,0.28716,0.56409,0.57554,0.45689,0.18256,-0.16983,-0.57077,-0.90692,-1.4168,-2.0685,-2.712,-3.8562,-5.4836,-7.8617,-10.45,-15.96,-22.261,-16.757,-11.285,-8.1077,-6.4796,-4.9549,-3.8127,-2.8608,-2.1992,-1.3264,-0.42278,0.25775,1.1208,1.8914,2.4009,2.9386,3.3025,3.4971,3.5237,3.3858,3.0655,2.6992,2.0629,1.3064,0.50008,-0.095449,-0.66036,-0.76165,-0.55118,0.12341,1.0643,1.7769,2.6409,3.3411,3.8258,4.0307,4.0854,3.8877,3.5728,2.9482,2.0935,1.3255,0.15507,-1.1438,-2.4909,-3.5024,-4.7929,-5.9711,-6.8276,-7.8832,-8.7845,-9.5974,-10.154,-10.676,-11.074,-11.412,-11.811,-11.991,-12.156,-12.311,-12.207,-11.802,-11.394,-10.397,-9.1347,-8.0668,-6.524,-4.9729,-3.8766,-2.4611,-1.1732,-0.050759,0.73613,1.6695,2.4216,2.8945,3.4088,3.7778,3.9976,4.0811,4.0856,3.9615,3.7964,3.4883,3.0826,2.7036,2.1216,1.4742,0.74068,0.14805,-0.65495,-1.4578,-2.0482,-2.7305,-3.2516,-3.4836,-3.5845,-3.5041,-3.3105,-3.1397,-2.9604,-2.9656,-3.149,-3.7012,-4.6653,-5.9546,-6.7327,-6.3681,-4.1782,-2.151,0.32344,2.3347,3.5571,4.8364,5.7729,6.4144,6.7276,6.9416,6.9548,6.855,6.6026,6.2367,5.9139,5.4331,4.9183,4.3916,3.9844,3.4276,2.8279,2.3269,1.5473,0.55942,-0.71402
2.4902,2.4147,2.1312,1.6504,1.1559,0.30515,-0.7597,-1.6816,-3.0158,-4.3654,-5.4066,-5.8087,-5.7487,-5.1141,-4.464,-3.5599,-2.687,-2.0813,-1.3604,-0.71381,-0.13089,0.25091,0.69693,1.0735,1.3062,1.552,1.7393,1.838,1.9115,1.9432,1.9395,1.9093,1.8344,1.74,1.6498,1.4996,1.2954,1.0002,0.70574,0.1903,-0.49099,-1.097,-1.9378,-2.6283,-2.8793,-2.6707,-1.9374,-0.97619,-0.29278,0.50959,1.1272,1.4435,1.6928,1.7678,1.7198,1.5372,1.2371,0.82938,0.45053,-0.1577,-0.89029,-1.5479,-2.5776,-3.809,-5.2148,-6.3253,-7.5682,-8.0331,-7.6724,-6.507,-5.0782,-4.0425,-2.8665,-1.8712,-1.0382,-0.50731,0.10711,0.63877,0.97895,1.3658,1.6778,1.8608,2.014,2.0726,2.033,1.9204,1.6672,1.2994,0.95557,0.43914,-0.13079,-0.65278,-0.96577,-1.2125,-1.2528,-1.1098,-0.65961,-0.04045,0.45935,1.1353,1.7404,2.2072,2.4443,2.5943,2.537,2.3531,1.9203,1.2894,0.68359,-0.28709,-1.4258,-2.7462,-3.8527,-5.5245,-7.3669,-8.8832,-11.034,-13.055,-14.224,-14.184,-13.351,-12.258,-11.454,-10.471,-9.7515,-9.3123,-8.732,-8.2835,-7.7848,-7.3819,-6.8035,-6.2341,-5.7632,-5.044,-4.2795,-3.6877,-2.8485,-1.951,-1.1243,-0.553,0.19146,0.80994,1.1703,1.5306,1.7452,1.798,1.7381,1.561,1.276,1.0043,0.59158,0.16082,-0.17154,-0.63655,-1.1235,-1.6317,-2.0473,-2.6535,-3.2848,-3.7359,-4.2796,-4.6565,-4.8064,-4.7725,-4.485,-4.0218,-3.6111,-3.0221,-2.5002,-2.1635,-1.7853,-1.4578,-1.0853,-0.73568,-0.10824,0.69608,1.3833,2.357,3.2874,3.9156,4.6153,5.1441,5.4812,5.6088,5.612,5.4362,5.1846,4.7029,4.073,3.5136,2.6795,1.7871,0.89774,0.27401,-0.46612,-1.0834,-1.4899,-2.038,-2.7291,-3.689
0.91863,1.0405,1.0675,0.92621,0.73277,0.38572,-0.035773,-0.36754,-0.78314,-1.1359,-1.3812,-1.4546,-1.4031,-1.2258,-1.0187,-0.6934,-0.36326,-0.13148,0.14064,0.33725,0.4612,0.50661,0.52034,0.48277,0.43937,0.35622,0.24768,0.1503,-0.0034551,-0.20701,-0.46658,-0.66724,-0.91752,-1.0887,-1.1092,-0.97574,-0.67439,-0.27598,0.030428,0.40625,0.71041,0.88468,1.0736,1.252,1.3964,1.6204,1.8856,2.1571,2.3615,2.5887,2.7337,2.7889,2.7778,2.6651,2.5181,2.2453,1.8831,1.4496,1.0812,0.54102,-0.038124,-0.48045,-1.0668,-1.611,-2.0609,-2.3098,-2.4935,-2.4534,-2.2795,-1.9057,-1.4059,-1.0278,-0.52102,-0.075258,0.26766,0.45738,0.62592,0.69451,0.69133,0.63496,0.5468,0.45,0.31764,0.17059,-0.026249,-0.22359,-0.5685,-1.0537,-1.5242,-2.3173,-3.3216,-4.4797,-5.3413,-6.3015,-6.5868,-6.1331,-4.9246,-3.4937,-2.4214,-1.133,-0.091284,0.69544,1.1185,1.4653,1.5679,1.4971,1.1994,0.69385,0.17919,-0.67763,-1.7346,-3.0071,-4.1176,-5.8841,-8.0401,-10.006,-13.495,-18.567,-23.854,-20.684,-15.533,-12.391,-10.702,-8.9899,-7.8226,-7.14,-6.4481,-5.982,-5.7253,-5.6093,-5.6055,-5.6903,-5.7742,-5.8888,-5.8867,-5.6769,-5.1432,-4.3622,-3.3648,-2.6316,-1.801,-1.1143,-0.73709,-0.45861,-0.42924,-0.63026,-0.94125,-1.5598,-2.3318,-2.9606,-3.7884,-4.4375,-4.7306,-4.9188,-4.9971,-5.099,-5.2829,-5.773,-6.5628,-7.3737,-8.7674,-10.268,-11.059,-10.826,-9.1831,-7.1303,-5.6937,-4.0654,-2.7145,-1.8586,-0.88933,-0.06959,0.64562,1.1373,1.7598,2.3661,2.8033,3.3533,3.8441,4.1574,4.4842,4.6828,4.7314,4.6544,4.3951,3.9424,3.4658,2.6328,1.5584,0.56891,-1.013,-2.9026,-5.0509,-6.5994,-7.9417,-7.8477,-7.1152,-5.99,-5.0922,-4.5418
0.14372,0.36968,0.51808,0.49909,0.40535,0.22565,0.029309,-0.10169,-0.21309,-0.19933,-0.078249,0.077525,0.36041,0.6685,0.89193,1.1571,1.3357,1.3916,1.3534,1.1649,0.80623,0.4417,-0.14478,-0.7905,-1.2422,-1.713,-2.0109,-2.1433,-2.2996,-2.61,-3.2303,-3.9441,-5.2466,-6.7134,-7.3544,-6.6202,-4.5388,-2.3202,-0.89141,0.65281,1.8454,2.5423,3.257,3.7683,4.0551,4.3172,4.4698,4.5215,4.5185,4.4378,4.2714,4.1041,3.824,3.4834,3.1901,2.7502,2.2543,1.7022,1.2609,0.64334,0.018037,-0.41169,-0.8864,-1.1761,-1.2302,-1.106,-0.77774,-0.31663,0.076769,0.60206,1.0719,1.3488,1.6327,1.7574,1.7055,1.5451,1.1569,0.57674,0.048145,-0.73519,-1.5029,-1.9739,-2.3346,-2.4256,-2.3725,-2.3077,-2.3457,-2.6266,-3.0533,-3.973,-5.3669,-7.5673,-10.042,-15.686,-32.218,-17.234,-9.8743,-6.0067,-3.9365,-1.8725,-0.39181,0.65571,1.2045,1.6473,1.7976,1.7412,1.4656,0.9781,0.49703,-0.27218,-1.1661,-2.1524,-2.9277,-4.0207,-5.1908,-6.041,-7.0775,-7.8823,-8.1924,-8.008,-7.4255,-6.5395,-5.802,-4.9537,-4.1879,-3.7116,-3.3025,-3.094,-3.1646,-3.4256,-4.1112,-5.1873,-6.3757,-8.6475,-11.636,-13.482,-12.146,-8.7412,-5.9258,-4.2774,-2.723,-1.7287,-1.2535,-0.98637,-1.1317,-1.6654,-2.3475,-3.7042,-5.661,-7.6249,-11.002,-14.324,-14.176,-11.327,-8.86,-7.3712,-6.7722,-6.5541,-7.0413,-7.9349,-9.9186,-13.192,-16.272,-16.046,-11.15,-7.4095,-5.2947,-3.1684,-1.5758,-0.62522,0.38621,1.1942,1.8378,2.2566,2.7419,3.1866,3.5037,3.8818,4.2195,4.4245,4.6193,4.6861,4.6045,4.4325,4.037,3.4289,2.835,1.8373,0.56899,-0.5827,-2.4663,-4.9238,-8.3128,-11.791,-16.436,-13.238,-9.8154,-6.6583,-4.5526,-3.1059
0.25826,0.44804,0.42543,0.1735,-0.16984,-0.75782,-1.3596,-1.7189,-1.8953,-1.5923,-0.85879,-0.17542,0.76216,1.6423,2.1991,2.7621,3.1019,3.1883,3.0356,2.5619,1.7004,0.7495,-1.0141,-3.4149,-5.5838,-7.8428,-7.2565,-5.7313,-3.9876,-3.0331,-2.9152,-3.4416,-5.0464,-7.8327,-9.9767,-8.4021,-4.0862,-0.68176,1.2311,3.1695,4.5663,5.3488,6.105,6.5831,6.7881,6.8902,6.8165,6.6015,6.3425,5.9013,5.3867,4.9554,4.3502,3.743,3.2933,2.6989,2.1024,1.4389,0.86455,-0.056696,-1.2061,-2.2135,-3.5871,-4.4604,-4.1062,-3.0829,-1.3106,0.37897,1.4553,2.6185,3.457,3.9069,4.2286,4.2344,3.9292,3.4708,2.5142,1.113,-0.31037,-2.833,-6.2452,-9.0683,-10.292,-7.6617,-5.1164,-3.791,-2.7225,-2.2561,-2.2283,-2.536,-3.1325,-3.9654,-4.6177,-5.2421,-5.3018,-4.7034,-3.4197,-1.8704,-0.66479,0.73636,1.8722,2.7087,3.1253,3.4009,3.3695,3.1397,2.5962,1.8074,1.0958,0.059391,-0.95472,-1.8061,-2.3024,-2.7181,-2.9951,-3.1164,-3.1606,-3.1152,-2.9076,-2.6467,-2.2011,-1.6084,-1.1135,-0.48141,0.13638,0.52519,0.88873,1.0538,0.9957,0.74047,0.12848,-0.93315,-2.0264,-3.8706,-6.0043,-7.0136,-6.5324,-4.5615,-2.5326,-1.4004,-0.23927,0.49514,0.76435,0.83286,0.57262,-0.0465,-0.7245,-1.9537,-3.6313,-5.1704,-7.4908,-9.2355,-9.1146,-7.5324,-5.6751,-4.2306,-3.4872,-2.8735,-2.6596,-2.6822,-2.8421,-2.9814,-2.9584,-2.5977,-1.8489,-0.8642,-0.11363,0.81372,1.6021,2.0633,2.499,2.7493,2.8702,2.9102,2.9735,3.1168,3.3101,3.7016,4.1692,4.5096,4.8783,5.0756,5.0589,4.8996,4.4658,3.8097,3.1785,2.1934,1.1023,0.26082,-0.84211,-1.8381,-2.6264,-3.0137,-3.1121,-2.6862,-2.0915,-1.0942,-0.073669,0.83113
-0.40004,-0.32988,-0.6524,-1.4235,-2.3489,-4.2165,-7.0542,-10.034,-13.993,-10.963,-6.3276,-3.7162,-1.1302,0.78962,1.8999,3.0071,3.7398,4.0596,4.1552,3.8614,3.1418,2.2839,0.61639,-1.7038,-3.8248,-5.9939,-5.1826,-3.4067,-1.2801,0.17294,1.0934,1.483,1.7749,2.0019,2.2745,2.8859,3.7764,4.8008,5.5489,6.4343,7.1383,7.5176,7.8225,7.9117,7.828,7.5341,7.0379,6.3534,5.703,4.7011,3.5566,2.6271,1.3748,0.24307,-0.40524,-0.92283,-1.0937,-1.1502,-1.2996,-1.827,-2.9532,-4.4249,-7.7153,-13.326,-11.662,-6.6455,-2.1531,0.82063,2.4314,4.0116,5.0836,5.6267,5.9917,6.0081,5.6751,5.1834,4.2029,2.7966,1.4343,-0.81636,-3.4828,-5.3525,-6.1828,-5.0212,-3.4252,-2.4814,-1.6978,-1.3353,-1.3174,-1.5784,-2.1189,-2.6678,-3.0237,-3.2466,-2.8838,-2.1971,-1.0809,0.29303,1.3307,2.5291,3.5047,4.1851,4.4692,4.5403,4.228,3.7157,2.6344,1.0478,-0.50142,-3.077,-5.9841,-7.9729,-7.868,-6.445,-4.9791,-4.2104,-3.5339,-3.0647,-2.7023,-2.3948,-1.7461,-0.88396,-0.15537,0.9438,1.9839,2.6548,3.4363,3.9911,4.3121,4.4083,4.345,4.0515,3.7509,3.272,2.8062,2.5588,2.4036,2.3522,2.4724,2.534,2.5249,2.4561,2.2914,1.9633,1.5484,1.0192,0.58585,-0.0035847,-0.60342,-1.0112,-1.3615,-1.5154,-1.4369,-1.0756,-0.59599,-0.072696,0.29876,0.68121,0.96723,1.1506,1.3226,1.4805,1.6117,1.8659,2.1734,2.5299,2.7838,3.0584,3.2169,3.1875,2.9278,2.3265,1.3301,0.30697,-1.2437,-2.3846,-2.2708,-0.81902,1.0235,2.2305,3.409,4.107,4.336,4.2026,3.6582,2.7021,1.7183,0.12893,-1.5977,-2.7531,-3.6108,-3.471,-2.6822,-1.9407,-0.94667,0.028592,0.70982,1.5606,2.321,2.9592
-3.1555,-3.2237,-3.6384,-4.517,-5.4181,-6.9555,-8.7963,-10.109,-11.091,-10.222,-8.0331,-6.2577,-4.0103,-2.0847,-0.85759,0.51371,1.5578,2.1388,2.6727,2.9094,2.8796,2.7137,2.3484,1.9182,1.626,1.4,1.4501,1.6456,2.0465,2.5244,2.9481,3.2502,3.6104,3.9499,4.2068,4.5649,4.9381,5.2924,5.5335,5.7748,5.8949,5.882,5.7051,5.329,4.9084,4.1476,3.1451,1.8941,0.81452,-0.88409,-2.913,-4.7082,-7.7315,-11.852,-15.499,-15.101,-10.682,-7.5312,-5.9274,-4.5323,-3.7198,-3.3734,-3.0576,-2.6153,-1.815,-0.96092,0.38304,1.7077,2.6022,3.5937,4.3261,4.6778,4.919,4.9098,4.6376,4.2761,3.59,2.6921,1.9248,0.83678,-0.21548,-0.88096,-1.5757,-1.9934,-2.2119,-2.3507,-2.5351,-2.8675,-3.2762,-4.1547,-5.5868,-7.7215,-10.058,-13.852,-12.962,-9.4641,-5.4986,-2.4888,-0.82467,0.8708,2.0903,2.8567,3.1661,3.2159,2.841,2.2799,1.0987,-0.63813,-2.3896,-5.4509,-9.3361,-12.226,-11.546,-9.3278,-7.8435,-7.3149,-7.3544,-8.0983,-9.4312,-10.406,-10.161,-7.7724,-5.5937,-2.9095,-0.72229,0.61222,2.0665,3.1688,3.9385,4.3452,4.6481,4.7629,4.7113,4.4933,4.1627,3.8182,3.3097,2.7081,1.9809,1.4407,0.62262,-0.26033,-0.89117,-1.7336,-2.5129,-3.1497,-3.5597,-3.9024,-3.9634,-3.8416,-3.4706,-2.9255,-2.5074,-1.899,-1.3534,-0.90993,-0.65115,-0.42839,-0.32477,-0.321,-0.38643,-0.45518,-0.45653,-0.36245,-0.14475,0.16463,0.42936,0.74838,0.88237,0.83187,0.47172,-0.32604,-1.7507,-3.3935,-6.6752,-10.928,-10.92,-6.3722,-2.8522,-1.0578,0.5082,1.3691,1.6342,1.461,0.76725,-0.54103,-1.982,-4.7391,-9.104,-14.749,-24.184,-12.505,-7.9216,-5.8432,-3.9239,-2.5518,-1.7249,-0.81228,-0.067952,0.54368
-4.4545,-4.7476,-5.401,-6.3307,-7.1791,-8.3802,-9.5661,-10.281,-10.669,-10.356,-9.2517,-8.045,-6.2264,-4.3716,-3.0728,-1.533,-0.22362,0.58694,1.4506,2.0985,2.5422,2.7544,2.9255,2.9936,3.0167,3.0227,3.0292,3.0483,3.0915,3.1561,3.2289,3.2944,3.4025,3.5353,3.6463,3.8035,3.9477,4.0583,4.0979,4.0671,3.8934,3.6609,3.183,2.4686,1.772,0.59646,-0.87654,-2.6535,-4.1706,-6.365,-8.5613,-10.101,-11.911,-13.403,-13.891,-13.014,-10.656,-8.0942,-6.4029,-4.5324,-3.0737,-2.1717,-1.1667,-0.30605,0.50004,1.0715,1.7935,2.4524,2.8877,3.3691,3.715,3.8711,3.9523,3.8487,3.5703,3.2463,2.6539,1.9175,1.2647,0.29877,-0.71354,-1.4858,-2.4516,-3.2491,-3.8208,-4.0663,-4.2235,-4.3577,-4.5309,-4.9236,-5.6213,-6.7631,-7.7213,-8.7356,-8.0525,-6.4894,-4.0458,-1.7844,-0.43111,1.0418,2.1015,2.7929,3.0862,3.1868,2.975,2.6197,1.9012,0.92329,0.059788,-1.1804,-2.3799,-3.4169,-4.05,-4.6802,-5.3589,-5.9917,-7.1386,-8.9214,-11.319,-13.528,-14.086,-10.478,-7.5402,-4.2354,-1.7499,-0.1976,1.4757,2.7493,3.7332,4.2606,4.725,4.9296,4.911,4.6835,4.2052,3.6844,2.749,1.5889,0.10598,-1.18,-3.0591,-5.0939,-6.5449,-8.1851,-9.5196,-10.686,-11.558,-12.527,-12.295,-11.086,-8.97,-6.9095,-5.578,-4.2459,-3.2811,-2.6732,-2.4642,-2.4516,-2.7798,-3.2618,-4.1199,-5.1476,-5.8589,-6.3426,-5.869,-4.6766,-3.6446,-2.395,-1.4278,-0.90882,-0.5267,-0.45907,-0.63151,-0.86777,-1.2089,-1.3591,-1.2385,-0.77867,-0.12314,0.36329,0.89486,1.1774,1.1565,0.94678,0.35034,-0.5634,-1.4587,-2.8751,-4.3664,-5.3657,-6.2152,-6.4025,-6.1804,-5.9187,-5.5784,-5.2469,-4.9333,-4.33,-3.5295,-2.662
-3.9756,-4.5954,-5.7034,-7.0267,-8.2717,-10.243,-12.823,-15.436,-19.797,-20.843,-15.631,-12.185,-8.607,-5.8614,-4.1506,-2.2527,-0.7094,0.26407,1.305,2.1328,2.7556,3.1008,3.4227,3.5932,3.6446,3.6156,3.484,3.3337,3.069,2.7445,2.4529,2.2467,2.0573,1.9914,2.0255,2.1586,2.3475,2.5245,2.6023,2.6057,2.4521,2.2076,1.6851,0.89758,0.11349,-1.2425,-3.0183,-5.3839,-7.6761,-11.662,-17.883,-22.619,-17.752,-13.235,-10.942,-8.5456,-6.5354,-4.7251,-3.5069,-2.0629,-0.837,-0.05583,0.82168,1.5244,2.0944,2.4419,2.8032,3.0866,3.2493,3.4052,3.4953,3.5359,3.5198,3.3863,3.1323,2.8359,2.279,1.5093,0.7673,-0.47593,-2.0478,-3.4724,-5.634,-7.8969,-9.2232,-8.9137,-7.4158,-5.7321,-4.6814,-3.5878,-2.7738,-2.1882,-1.7729,-1.1897,-0.41713,0.19804,1.175,2.1566,2.8219,3.6275,4.2329,4.6482,4.8215,4.8773,4.7426,4.5153,4.0758,3.4989,2.9904,2.2432,1.435,0.60703,-0.059892,-0.95281,-1.8784,-2.6013,-3.5522,-4.4353,-5.0236,-5.2178,-4.8686,-3.9126,-2.8981,-1.2751,0.35149,1.5313,2.9519,4.1271,5.0621,5.5902,6.0803,6.2802,6.2567,5.9858,5.4007,4.7721,3.5722,1.9835,-0.14788,-2.2354,-5.777,-11.002,-16.957,-22.849,-17.358,-15.761,-16.27,-19.341,-20.538,-16.135,-10.984,-7.6458,-5.8555,-4.1496,-3.0742,-2.4854,-2.36,-2.5738,-3.2845,-4.1739,-6.0191,-9.0519,-12.956,-25.827,-16.105,-9.0848,-6.1363,-3.5046,-1.663,-0.65213,0.33079,1.0029,1.4446,1.6793,1.9014,2.0777,2.2026,2.3642,2.5206,2.6181,2.698,2.6744,2.5304,2.3344,1.9334,1.3977,0.89141,0.11711,-0.73119,-1.4138,-2.3552,-3.3953,-4.5837,-5.6817,-7.5538,-9.9634,-11.746,-11.735,-8.7435,-5.7053
-2.6777,-3.5997,-5.0305,-6.6707,-8.0325,-9.9574,-11.824,-13.257,-14.505,-14.178,-11.945,-9.8263,-7.1258,-4.7719,-3.2557,-1.5366,-0.13993,0.73417,1.7096,2.4634,3.0465,3.3852,3.6977,3.859,3.858,3.6973,3.334,2.9094,2.1404,1.1353,-0.036732,-0.93058,-1.8917,-2.2352,-1.9997,-1.2721,-0.40314,0.35358,0.7835,1.154,1.2974,1.2356,0.94757,0.4249,-0.13914,-1.1265,-2.3781,-3.9284,-5.261,-7.229,-8.8902,-9.4436,-8.8257,-7.1865,-5.7968,-4.0301,-2.4354,-1.0456,-0.12579,0.9315,1.8,2.3209,2.844,3.1779,3.306,3.2937,3.1522,2.9204,2.7327,2.5178,2.4092,2.4186,2.4927,2.6131,2.6624,2.6015,2.3426,1.8023,1.2038,0.075211,-1.5217,-3.095,-5.9984,-10.1,-13.817,-11.86,-7.6334,-4.5054,-2.7637,-0.97122,0.3635,1.4936,2.1967,3.0658,3.8413,4.3727,5.0677,5.6344,6.0303,6.4434,6.7252,6.8764,6.901,6.8246,6.6329,6.4201,6.063,5.6367,5.2706,4.716,4.0846,3.3682,2.7673,1.7996,0.71957,-0.22234,-1.6091,-3.0364,-4.3192,-4.7312,-4.3103,-2.8787,-1.4071,0.52037,2.3722,3.63,5.05,6.2715,7.2071,7.753,8.2587,8.5119,8.5442,8.3456,7.8779,7.3474,6.3715,5.0367,3.3756,1.832,-0.49426,-3.0493,-4.7881,-6.2606,-6.5744,-6.3456,-6.1259,-5.7423,-5.1372,-4.4524,-3.4149,-2.3012,-1.5905,-0.83275,-0.33102,-0.13231,-0.13584,-0.40231,-0.89722,-1.4223,-2.3319,-3.3316,-3.9328,-4.3191,-3.8859,-2.8354,-1.8584,-0.55448,0.62361,1.3775,2.2302,2.9009,3.3947,3.6592,3.9099,4.043,4.0882,4.0907,4.0506,3.9991,3.9084,3.8207,3.7186,3.6137,3.4496,3.1925,2.9331,2.4813,1.8851,1.3458,0.46368,-0.63623,-1.9773,-3.2096,-5.2362,-7.6535,-9.3607,-9.3824,-6.6153,-3.5172
-1.1467,-2.3561,-4.3505,-6.8165,-8.8595,-11.566,-12.906,-12.404,-10.729,-8.7002,-6.8033,-5.4165,-3.7339,-2.2606,-1.2914,-0.21879,0.66136,1.1802,1.7595,2.2485,2.6841,2.9849,3.3388,3.5982,3.6853,3.5943,3.1993,2.6444,1.4942,-0.28209,-3.0464,-6.1339,-13.598,-19.824,-11.014,-5.9436,-3.2585,-1.6542,-0.85533,-0.18038,0.15828,0.26675,0.23376,0.035471,-0.20959,-0.64182,-1.1591,-1.6633,-2.0715,-2.4348,-2.5858,-2.5073,-2.0793,-1.3682,-0.70844,0.27296,1.2894,2.2582,2.911,3.6544,4.2081,4.4832,4.6357,4.518,4.1001,3.5665,2.5598,1.1855,-0.014758,-1.5136,-2.1613,-1.8209,-0.62224,0.69806,1.7238,2.2604,2.6541,2.7284,2.5843,2.1606,1.525,0.93114,0.12859,-0.51817,-0.77966,-0.62466,-0.062327,0.83455,1.5734,2.5708,3.5337,4.4354,5.0758,5.8696,6.5631,7.0668,7.6028,8.0297,8.2699,8.4351,8.4648,8.3362,8.1541,7.8152,7.409,7.1028,6.715,6.3775,6.1652,5.9002,5.6059,5.1912,4.791,4.0463,2.9799,1.9162,-0.039938,-2.9572,-8.0215,-16.391,-12.675,-4.3918,-0.98983,2.1921,4.5345,5.9118,7.4054,8.5765,9.4996,10.037,10.555,10.889,11.003,10.985,10.78,10.478,9.9463,9.2004,8.3313,7.5903,6.5374,5.5351,4.8315,4.0789,3.5083,3.1663,2.9927,2.8849,2.8665,2.894,2.9675,3.0081,3.0243,2.9368,2.7638,2.4989,2.2581,1.9119,1.5603,1.2914,1.0174,0.80925,0.72048,0.72312,0.88951,1.2256,1.5593,2.1109,2.7149,3.1701,3.7441,4.2467,4.6417,4.8361,4.9429,4.8732,4.7016,4.3424,3.879,3.5284,3.1656,3.035,3.1652,3.3896,3.7347,4.0102,4.1316,4.1116,3.8654,3.533,2.9124,2.1317,1.2342,0.56882,-0.19109,-0.61861,-0.62395,-0.14072,0.87966,2.2281
0.69281,-0.44035,-2.3771,-5.0097,-7.5983,-12.137,-14.395,-11.897,-7.9743,-5.3008,-3.3308,-2.2118,-1.034,-0.20294,0.2086,0.50384,0.49065,0.33842,-0.023872,-0.28271,-0.17425,0.2531,1.1782,2.1767,2.8318,3.4207,3.605,3.4639,2.8546,1.791,0.30355,-0.97201,-2.5416,-3.3866,-3.3741,-2.9025,-2.3822,-2.0132,-1.8709,-1.7642,-1.7092,-1.6739,-1.6659,-1.7265,-1.7965,-1.9166,-2.0716,-2.1937,-2.1863,-2.0419,-1.7436,-1.3656,-0.68764,0.17615,0.91037,1.9711,3.0228,4.0075,4.6627,5.3738,5.8689,6.0714,6.0883,5.772,5.0952,4.2856,2.6984,0.3148,-2.3111,-7.9234,-14.165,-8.7445,-3.3339,-0.32589,1.5044,2.4002,3.1451,3.5388,3.6444,3.6281,3.4864,3.3401,3.1667,3.0211,2.9641,2.9707,3.1184,3.3691,3.6373,4.0552,4.6616,5.3332,5.919,6.7207,7.5118,8.0515,8.6234,9.0612,9.214,9.2325,8.9843,8.4601,7.8826,6.8933,5.7438,4.9028,4.0887,3.8977,4.1578,4.7934,5.4375,5.9057,6.0705,6.0904,5.7875,5.4008,4.662,3.8029,3.0137,2.7579,3.0764,4.107,5.1257,6.4828,7.7674,8.5883,9.575,10.361,11.024,11.44,11.911,12.273,12.47,12.647,12.699,12.661,12.487,12.223,11.833,11.515,11.022,10.511,10.136,9.6539,9.2128,8.8016,8.5231,8.1502,7.7705,7.4512,6.9795,6.389,5.8652,5.0521,4.1001,3.1067,2.3767,1.6339,1.2128,1.1587,1.2967,1.5181,1.6217,1.7123,1.6873,1.6308,1.6354,1.7893,2.1844,2.6561,3.3909,4.1083,4.6722,4.9508,5.0361,4.7612,4.2738,3.1826,1.5091,-0.14755,-2.5484,-3.4638,-1.5938,0.32013,2.4117,3.8948,4.6216,5.1494,5.2339,5.0184,4.3993,3.4263,2.1375,1.0553,-0.22258,-0.73749,-0.2771,1.1804,3.0278,4.8889
1.203,0.84739,0.23518,-0.62535,-1.2524,-1.963,-2.2839,-2.2407,-1.8405,-1.278,-0.70519,-0.35553,-0.058814,0.045795,-0.089124,-0.56398,-1.5568,-2.718,-5.2745,-9.9027,-16.801,-11.241,-4.8346,-1.1258,0.71399,2.3808,3.3614,3.7474,3.8378,3.5617,2.9606,2.3552,1.412,0.33387,-0.55692,-1.8831,-3.4375,-5.1782,-6.5036,-7.6827,-7.8459,-7.5568,-7.0789,-6.9319,-7.015,-7.329,-7.6127,-7.7772,-7.5711,-7.2947,-6.8269,-6.2663,-5.2713,-3.7788,-2.4256,-0.55439,1.1938,2.7051,3.6516,4.6376,5.3246,5.6412,5.8034,5.6673,5.2441,4.7365,3.823,2.7279,1.8534,0.85984,0.34871,0.31258,0.7227,1.2508,1.7216,1.9577,2.0906,2.0611,1.9536,1.7863,1.6356,1.5743,1.5369,1.5218,1.4821,1.391,1.2154,0.86383,0.58671,0.2738,0.36168,1.1018,2.0347,3.5171,5.0089,5.9479,6.95,7.6406,7.8907,7.9458,7.5613,6.7316,5.7441,3.799,0.7759,-2.7467,-11.585,-9.4576,-3.603,0.58984,3.0605,4.6712,5.4728,6.2077,6.6569,6.8496,6.9861,7.0432,7.1101,7.195,7.367,7.6317,7.8665,8.1727,8.4381,8.5976,8.7746,8.9457,9.1632,9.3816,9.7784,10.23,10.588,11.038,11.394,11.616,11.761,11.825,11.736,11.633,11.422,11.154,10.934,10.608,10.283,9.9232,9.6504,9.2318,8.7465,8.3002,7.5772,6.6329,5.7306,4.2237,2.1912,-0.56298,-3.2682,-7.2117,-7.5116,-5.2058,-2.6226,-1.0723,-0.49353,-0.36998,-0.98327,-2.3642,-3.8216,-5.7455,-5.4147,-3.5344,-0.82487,1.2666,2.681,3.3625,3.8061,3.7328,3.3322,2.2955,0.5986,-1.2343,-4.2148,-5.4231,-2.7306,-0.33722,2.1665,3.9082,4.7595,5.4267,5.5973,5.4021,4.6962,3.3791,1.274,-1.1144,-6.4851,-18.088,-8.881,-1.7217,2.1936,4.8765
-0.017875,0.31799,0.45521,0.36968,0.19874,-0.052472,-0.33452,-0.48868,-0.734,-0.8952,-1.0743,-1.2085,-1.4454,-1.7562,-2.0413,-2.5244,-3.1624,-3.7817,-4.7216,-5.5987,-5.6578,-4.7833,-2.8493,-0.80542,0.54167,1.9629,2.9502,3.4137,3.7124,3.6393,3.2385,2.7252,1.7634,0.47141,-0.776,-2.9101,-5.8246,-10.007,-14.845,-26.089,-18.376,-14.71,-12.781,-12.646,-13.651,-16.513,-20.565,-21.009,-18.648,-16.706,-16.709,-18.459,-20.588,-14.506,-10.008,-5.6871,-2.5888,-0.33488,0.93763,2.1902,3.0103,3.3907,3.6297,3.6247,3.3979,3.1498,2.7248,2.255,1.9027,1.4621,1.0826,0.83763,0.52773,0.14151,-0.35721,-0.86585,-1.7108,-2.7789,-3.6079,-4.643,-5.1816,-5.1079,-4.6176,-3.8995,-3.3706,-3.1916,-3.497,-4.4887,-5.9307,-9.4195,-17.573,-13.26,-7.2085,-2.4868,0.59929,2.2033,3.8174,4.806,5.2849,5.5261,5.365,4.8084,4.1329,2.899,1.3494,0.11895,-1.1057,-1.2059,-0.57034,0.66895,1.8856,2.9084,3.5784,4.2759,4.8836,5.259,5.7007,6.0543,6.3409,6.4895,6.5955,6.5835,6.4484,6.1469,5.5645,5.007,3.983,2.9355,2.1355,2.0329,2.6952,3.9031,4.8947,6.0389,6.9361,7.4309,7.9014,8.1293,8.2175,8.1658,8.0436,7.8493,7.6857,7.4614,7.2457,7.041,6.8824,6.6521,6.3551,6.0776,5.5487,4.855,4.1297,2.88,1.1751,-1.0113,-2.9777,-5.2904,-5.6174,-4.4303,-2.7332,-1.5673,-1.1259,-1.2122,-2.0202,-3.7458,-5.609,-8.3133,-8.1752,-5.8199,-2.8208,-0.62684,0.87666,1.5907,2.1678,2.3758,2.3508,2.1291,1.789,1.5381,1.368,1.5242,2.0663,2.6491,3.5059,4.3056,4.7817,5.2243,5.3823,5.3151,4.9477,4.2846,3.389,2.6457,1.7903,1.4317,1.6924,2.5602,3.7185,4.8637
-0.20776,0.067919,0.15503,0.062931,-0.14844,-0.55837,-1.0787,-1.5239,-2.1489,-2.8212,-3.5066,-4.0138,-4.6303,-5.1829,-5.4548,-5.5941,-5.3555,-5.0072,-4.268,-3.3695,-2.2907,-1.4165,-0.17324,1.0297,1.8601,2.7988,3.5013,3.8493,4.0691,3.9957,3.6521,3.2084,2.3697,1.2512,0.23321,-1.3583,-3.196,-5.1458,-6.5313,-7.9967,-8.8665,-9.2617,-9.8243,-10.749,-11.801,-13.718,-15.567,-16.068,-15.228,-14.229,-13.654,-13.481,-12.666,-10.4,-8.1107,-5.2487,-2.9354,-1.1778,-0.20453,0.69408,1.1814,1.3071,1.2079,0.87809,0.43361,0.083763,-0.30239,-0.5741,-0.69326,-0.81712,-0.978,-1.1314,-1.5375,-2.1294,-3.0604,-4.0117,-5.7343,-8.1534,-10.766,-16.323,-27.159,-19.558,-12.811,-9.2784,-7.1812,-6.1879,-5.5042,-5.3558,-5.6067,-6.0777,-6.258,-5.3172,-3.9877,-1.9204,-0.057282,1.0959,2.3234,3.1519,3.5933,3.873,3.9212,3.7191,3.441,2.9335,2.3526,1.8938,1.3504,0.94179,0.72896,0.54529,0.46772,0.48156,0.59104,0.95059,1.4752,1.9883,2.7164,3.4246,4.0007,4.3219,4.5723,4.5453,4.3277,3.6968,2.6412,1.4286,-0.90848,-4.8073,-12.865,-27.871,-8.3031,-3.1104,-0.82383,1.1537,2.4312,2.9946,3.4597,3.5771,3.494,3.2885,2.9065,2.4828,2.1864,1.9192,1.7941,1.8752,2.0066,2.2697,2.5337,2.7084,2.8583,2.8714,2.7963,2.5258,2.1422,1.6687,1.3408,0.99994,0.88901,0.93407,1.0797,1.2394,1.2633,1.1178,0.7708,0.32143,-0.037296,-0.37137,-0.43634,-0.29049,0.082116,0.49063,0.79188,0.93573,0.9983,0.96485,0.90616,0.8448,0.85665,0.97651,1.2751,1.7315,2.3049,2.7942,3.4709,4.0964,4.5288,4.9764,5.2703,5.3784,5.3818,5.2445,4.9976,4.7703,4.4696,4.2292,4.1033,4.0127,3.9866,4.0072
0.073859,-0.017298,-0.25261,-0.71137,-1.1731,-2.0045,-3.0273,-3.9443,-5.2007,-6.5447,-7.8145,-8.7829,-10.13,-11.703,-13.017,-13.918,-12.238,-9.8569,-6.806,-4.1714,-2.0169,-0.65919,0.87657,2.166,2.9559,3.7932,4.3748,4.6495,4.7878,4.6944,4.3556,3.9595,3.251,2.3562,1.5988,0.50144,-0.62361,-1.7243,-2.47,-3.3415,-4.0315,-4.4787,-4.9954,-5.4982,-5.8429,-6.2279,-6.4896,-6.4917,-6.3938,-5.9983,-5.5291,-5.0464,-4.2622,-3.3032,-2.5202,-1.5117,-0.60653,0.063971,0.38209,0.50426,0.26209,-0.18555,-1.1555,-2.5697,-4.2966,-5.6163,-6.7061,-6.4845,-5.7518,-4.678,-3.8986,-3.6147,-3.575,-3.962,-4.7322,-5.5573,-6.9772,-8.705,-10.149,-11.823,-12.624,-12.306,-10.89,-9.0975,-7.3574,-6.2649,-4.9928,-4.0189,-3.4109,-2.703,-2.0221,-1.2947,-0.71735,0.071156,0.77426,1.2769,1.7583,2.1441,2.2945,2.4237,2.4313,2.3524,2.2281,1.9768,1.6123,1.2724,0.68875,-0.078186,-0.78602,-1.947,-3.3802,-4.9581,-6.0366,-6.3727,-5.1324,-3.6522,-1.6715,-0.0040412,1.2985,2.0281,2.6917,2.9993,3.0191,2.7012,2.0411,1.2968,0.074072,-1.3572,-2.5412,-2.9737,-2.8215,-2.0965,-1.537,-0.90265,-0.54254,-0.40644,-0.55048,-0.89538,-1.6392,-2.3234,-3.5822,-5.017,-6.0942,-7.1022,-7.1064,-6.2447,-5.2696,-3.9134,-2.5935,-1.7034,-0.59367,0.31689,0.9215,1.5859,2.1149,2.5017,2.7453,2.995,3.2091,3.3239,3.46,3.5119,3.4883,3.3983,3.2065,2.9578,2.7237,2.3844,2.0478,1.7598,1.3485,0.85468,0.23807,-0.28278,-1.0854,-1.9362,-2.537,-3.0942,-3.1664,-2.8673,-2.0776,-1.037,0.089155,0.91423,1.952,2.8746,3.4851,4.1611,4.6892,4.9727,5.2149,5.2939,5.2124,5.055,4.7204,4.2597,3.8115,3.1078,2.2602,1.3027
-0.84145,-1.0192,-1.376,-2.0468,-2.7369,-4.0172,-5.7608,-7.486,-10.306,-13.492,-15.526,-15.66,-15.233,-15.619,-16.7,-18.036,-14.838,-11.209,-7.0355,-3.905,-1.4555,0.035735,1.656,2.9142,3.6557,4.3976,4.8714,5.0649,5.1071,4.9218,4.4946,4.038,3.2571,2.3105,1.5189,0.41844,-0.63982,-1.5603,-2.0662,-2.5259,-2.7053,-2.7118,-2.6047,-2.4438,-2.3107,-2.1095,-1.8981,-1.6313,-1.4349,-1.0772,-0.71617,-0.40516,0.012165,0.44451,0.75218,1.0965,1.3305,1.3929,1.2958,0.91306,0.18459,-0.64357,-2.2264,-4.6024,-8.2584,-12.57,-20.615,-14.062,-10.169,-7.2278,-5.6284,-5.0417,-4.7648,-5.0691,-5.7621,-6.5365,-7.8485,-9.4113,-10.551,-11.854,-12.417,-12.165,-10.895,-9.2253,-7.4316,-6.174,-4.6092,-3.3345,-2.4831,-1.5747,-0.83622,-0.27077,0.046144,0.32254,0.40344,0.39252,0.17674,-0.065493,-0.33283,-0.5548,-0.6952,-0.64993,-0.55906,-0.44426,-0.46947,-0.60406,-1.0369,-1.8157,-2.6708,-4.2846,-6.6374,-10.156,-14.421,-18.756,-12.335,-8.5676,-5.1192,-2.7031,-0.92565,0.10958,1.1154,1.7832,2.077,2.2073,2.0333,1.7564,1.2246,0.56174,-0.1657,-0.68589,-1.3855,-1.9934,-2.4816,-3.0568,-3.6962,-4.0486,-4.713,-5.384,-6.5482,-7.6279,-9.8828,-13.245,-17.35,-29.864,-24.282,-17.189,-14.381,-11.622,-9.1602,-7.3674,-5.1578,-3.1751,-1.9035,-0.42331,0.77354,1.7474,2.3388,2.9894,3.4797,3.7574,4.0331,4.1678,4.1954,4.1471,3.984,3.6894,3.4047,2.9219,2.3148,1.7715,0.90074,-0.1535,-1.4504,-2.6386,-4.5996,-7.1848,-9.6642,-13.811,-15.468,-12.901,-9.0604,-6.1425,-3.8816,-2.4982,-0.92265,0.424,1.2902,2.2884,3.0885,3.5634,4.0156,4.2465,4.2625,4.1203,3.7158,3.0398,2.34,1.094,-0.59141,-2.8287
-3.2272,-3.0464,-3.0681,-3.3992,-3.909,-4.9886,-6.6054,-8.3044,-11.366,-15.524,-18.169,-16.437,-13.258,-10.999,-9.6896,-8.0587,-6.3623,-4.9712,-3.1169,-1.3345,0.2396,1.2818,2.4616,3.386,3.9256,4.4426,4.7386,4.8104,4.7134,4.37,3.7868,3.1805,2.128,0.77968,-0.44194,-2.327,-4.4014,-6.2279,-6.9304,-6.545,-5.3027,-4.2567,-3.0111,-1.964,-1.3277,-0.64018,-0.083513,0.35959,0.65397,0.96541,1.2621,1.4464,1.6698,1.8479,1.9413,2.0296,2.0211,1.9059,1.7225,1.3286,0.72548,0.12339,-0.88901,-2.1032,-3.3954,-4.297,-5.1044,-5.2818,-5.1069,-4.7537,-4.5527,-4.5546,-4.8286,-5.4456,-6.4287,-7.4228,-9.1582,-11.47,-13.924,-18.917,-30.385,-24.334,-15.848,-11.461,-8.4444,-6.6958,-4.789,-3.3179,-2.4503,-1.5263,-0.91457,-0.56056,-0.4789,-0.62579,-1.0775,-1.6874,-2.8041,-4.4352,-5.8122,-7.6242,-8.1502,-7.0075,-5.756,-4.2888,-3.2934,-2.8912,-2.7619,-3.0524,-3.5268,-4.463,-5.6417,-6.8455,-7.5878,-7.9608,-7.5591,-6.7677,-5.4298,-3.9042,-2.4852,-1.488,-0.40496,0.46114,0.89601,1.2857,1.382,1.2938,0.91968,0.31886,-0.55323,-1.3825,-2.745,-4.4614,-5.9191,-8.0243,-9.7843,-10.498,-10.435,-10.164,-10.082,-10.49,-11.458,-13.105,-14.562,-16.531,-18.271,-20.034,-22.13,-23.686,-18.335,-14.212,-9.9711,-6.8051,-4.9273,-2.9092,-1.3113,-0.033611,0.73767,1.5822,2.2288,2.612,2.971,3.198,3.2802,3.2431,3.0765,2.7514,2.4162,1.8226,1.0523,0.38309,-0.6854,-1.9538,-3.4187,-4.7166,-6.7053,-9.112,-11.146,-13.75,-14.687,-13.775,-11.677,-9.53,-7.7244,-6.4282,-4.7881,-3.1787,-2.0672,-0.69327,0.47406,1.2009,1.9265,2.386,2.5636,2.5097,2.1792,1.5293,0.82878,-0.43613,-2.1036,-4.2682
-6.2187,-5.4014,-4.7202,-4.3477,-4.2999,-4.4745,-4.9179,-5.3421,-6.0194,-6.5323,-6.6749,-6.4941,-5.876,-5.0006,-4.2585,-3.2398,-2.1942,-1.4104,-0.39704,0.56188,1.4405,2.0247,2.6795,3.2108,3.5112,3.7814,3.8917,3.8612,3.658,3.2472,2.6194,1.9659,0.82343,-0.7073,-2.1857,-4.8128,-8.6801,-15.223,-21.104,-13.409,-8.3233,-5.9698,-3.7853,-2.275,-1.4204,-0.55733,0.066492,0.49932,0.74533,0.95314,1.0886,1.1427,1.1865,1.1974,1.1964,1.1813,1.1535,1.0966,1.0235,0.87581,0.6432,0.4049,0.0043649,-0.45552,-0.96297,-1.3334,-1.8082,-2.241,-2.5536,-2.9907,-3.5094,-3.9644,-4.744,-5.6552,-6.7737,-7.723,-9.1051,-10.609,-11.709,-13.044,-13.537,-13.04,-11.343,-9.3369,-7.3656,-6.0297,-4.547,-3.3215,-2.5988,-1.8789,-1.4158,-1.2357,-1.2849,-1.6197,-2.3024,-3.1091,-4.6616,-6.9968,-9.5981,-14.555,-17.005,-11.83,-8.8399,-6.2537,-4.6882,-4.009,-3.6052,-3.6919,-4.0376,-4.8116,-5.9122,-7.2521,-8.2669,-9.5843,-10.206,-9.9537,-8.6269,-6.8003,-4.9195,-3.6908,-2.2605,-1.1673,-0.53196,0.021085,0.32161,0.34049,0.10914,-0.44028,-1.3289,-2.2798,-3.9639,-6.3338,-8.7817,-13.547,-22.674,-24.197,-16.278,-12.774,-11.062,-10.595,-10.487,-10.973,-11.548,-12.697,-14.086,-15.695,-16.88,-17.206,-15.33,-13.171,-10.442,-8.0672,-6.559,-4.869,-3.4899,-2.3541,-1.6308,-0.83669,-0.18724,0.21114,0.61412,0.90296,1.0219,1.0418,0.88963,0.58177,0.21227,-0.45281,-1.2972,-2.0667,-3.2193,-4.5227,-5.9163,-6.9574,-8.3199,-9.5828,-10.415,-11.362,-12.055,-12.455,-12.874,-13.249,-13.276,-12.712,-10.928,-8.4822,-6.6241,-4.4188,-2.6137,-1.5427,-0.45654,0.2684,0.63511,0.69637,0.51001,0.040966,-0.48734,-1.3951,-2.4936,-3.7714
-7.6146,-6.6786,-5.6227,-4.823,-4.3268,-3.809,-3.4328,-3.2031,-2.9484,-2.6889,-2.4019,-2.1324,-1.7212,-1.2366,-0.85387,-0.33528,0.17448,0.52958,0.97887,1.3634,1.6987,1.9054,2.1353,2.3091,2.4059,2.4828,2.4847,2.4332,2.2668,1.9889,1.5446,1.1062,0.35307,-0.5915,-1.4274,-2.6674,-3.919,-4.8705,-5.1946,-4.9426,-4.1449,-3.4005,-2.4316,-1.6212,-1.1259,-0.62938,-0.32232,-0.16634,-0.16554,-0.23873,-0.44512,-0.62999,-0.91476,-1.1701,-1.3052,-1.4017,-1.3483,-1.1771,-0.99029,-0.72273,-0.47581,-0.33413,-0.22819,-0.24098,-0.37157,-0.53318,-0.84898,-1.2876,-1.7007,-2.3747,-3.1888,-3.9316,-5.0481,-6.356,-7.7172,-8.7329,-9.8914,-10.677,-10.883,-10.711,-10.085,-9.3903,-8.2727,-7.0178,-5.7812,-4.8997,-3.8953,-3.06,-2.5537,-2.0827,-1.7766,-1.6735,-1.7134,-1.9245,-2.3302,-2.7105,-3.4311,-4.1971,-4.7848,-5.34,-5.4172,-4.9962,-4.4668,-3.7285,-3.1528,-2.8861,-2.814,-3.1029,-3.5632,-4.5327,-5.9778,-8.0933,-10.277,-14.93,-26.072,-25.35,-14.544,-9.8672,-6.9021,-5.2799,-3.5717,-2.3314,-1.5761,-0.8666,-0.41439,-0.25345,-0.24137,-0.50696,-1.058,-1.6556,-2.7104,-4.0219,-5.1468,-6.6513,-7.8084,-8.3127,-8.3673,-8.0146,-7.7773,-7.607,-7.6938,-7.948,-8.2823,-8.8215,-9.4047,-9.9684,-10.218,-10.341,-10.075,-9.6469,-8.9055,-7.9697,-7.3038,-6.4424,-5.6704,-4.9842,-4.5339,-3.974,-3.451,-3.0822,-2.581,-2.1667,-1.9276,-1.7075,-1.7003,-1.9303,-2.2814,-2.9834,-3.9897,-4.9651,-6.508,-8.278,-10.118,-11.346,-12.47,-12.88,-12.964,-13.011,-13.308,-13.769,-14.989,-17.604,-23.134,-32.011,-19.536,-12.913,-9.701,-6.5988,-4.3753,-3.1268,-1.8949,-1.1185,-0.7159,-0.64401,-0.81884,-1.2571,-1.7371,-2.529,-3.4549,-4.4169
-7.9511,-7.2666,-6.2028,-5.101,-4.2713,-3.2415,-2.3126,-1.7221,-1.0059,-0.41758,0.08745,0.42296,0.81401,1.1374,1.3341,1.5406,1.6558,1.6856,1.6355,1.5034,1.2869,1.1008,0.86628,0.66442,0.56901,0.52067,0.5534,0.60542,0.67525,0.69748,0.63093,0.52499,0.2912,-0.040636,-0.33058,-0.72911,-1.0904,-1.3499,-1.4497,-1.4234,-1.2671,-1.0925,-0.84363,-0.60985,-0.50149,-0.46969,-0.58313,-0.86327,-1.1957,-1.7897,-2.5509,-3.2279,-4.2344,-5.2555,-5.9113,-6.3437,-6.091,-5.203,-4.3299,-3.1389,-2.0808,-1.419,-0.73476,-0.28974,-0.057625,-0.038854,-0.18947,-0.54583,-0.95481,-1.7037,-2.7014,-3.6363,-5.1785,-7.1187,-9.5865,-11.818,-15.192,-16.931,-15.752,-12.794,-10.241,-8.6521,-6.9635,-5.5335,-4.3753,-3.6811,-2.925,-2.3987,-2.1427,-1.9261,-1.8901,-1.9321,-2.0009,-2.0992,-2.158,-2.1866,-2.129,-2.0727,-1.9356,-1.7636,-1.4895,-1.1827,-0.94827,-0.67038,-0.49443,-0.46575,-0.59859,-0.94967,-1.3758,-2.1838,-3.2542,-4.5818,-5.6751,-7.1086,-8.0631,-8.2123,-7.5661,-6.444,-5.2185,-4.354,-3.325,-2.3813,-1.7913,-1.0378,-0.46644,-0.11452,0.18306,0.2993,0.22155,0.048796,-0.33336,-0.85742,-1.2764,-1.8856,-2.4055,-2.7664,-3.0919,-3.3981,-3.644,-3.8392,-4.1632,-4.5666,-4.9501,-5.5205,-6.1878,-6.9174,-7.4554,-8.1484,-8.7252,-9.0537,-9.1552,-9.0523,-8.7815,-8.4055,-8.0817,-7.9732,-7.9941,-8.0393,-7.8749,-7.4865,-6.6059,-5.5834,-4.8566,-4.0994,-3.643,-3.5805,-3.7626,-4.3634,-5.4393,-6.5701,-8.6792,-11.673,-16.311,-21.898,-27.171,-19.304,-16.215,-13.853,-12.597,-12.119,-11.896,-11.815,-11.646,-11.152,-9.8223,-7.9845,-6.4864,-4.6874,-3.1734,-2.2681,-1.3816,-0.87028,-0.70928,-0.81263,-1.2413,-1.9855,-2.7263,-3.8975,-5.1821,-6.3779
-11.023,-10.4,-8.4718,-6.1163,-4.5104,-2.6792,-1.2112,-0.3053,0.65539,1.4114,2.0052,2.3497,2.7067,2.9314,3.018,2.997,2.8055,2.5377,1.9789,1.2001,0.19627,-0.65779,-1.8346,-2.7839,-3.1753,-3.1617,-2.6833,-2.1971,-1.5306,-0.97265,-0.50973,-0.27114,-0.062926,0.01789,0.017293,-0.04525,-0.13166,-0.21183,-0.2233,-0.20386,-0.11873,-0.040914,0.051695,0.080724,0.021885,-0.19959,-0.61626,-1.2839,-1.9243,-3.0672,-4.4675,-5.7611,-7.893,-10.819,-14.01,-20.511,-17.818,-11.335,-8.1617,-5.147,-2.9951,-1.7831,-0.58643,0.24063,0.73912,0.9173,0.92002,0.67484,0.3333,-0.33821,-1.276,-2.1443,-3.6115,-5.4401,-7.7864,-9.9356,-13.151,-14.788,-13.42,-10.411,-7.8068,-6.228,-4.5464,-3.2728,-2.3412,-1.8536,-1.4324,-1.3022,-1.3855,-1.7076,-2.2607,-2.9174,-3.3688,-3.707,-3.5457,-3.1478,-2.2784,-1.3421,-0.65854,0.1809,0.87822,1.4595,1.8026,2.1358,2.3217,2.353,2.2527,1.9906,1.6857,1.1499,0.48682,-0.23743,-0.83873,-1.5683,-2.2291,-2.6376,-3.0357,-3.3154,-3.4624,-3.4648,-3.2974,-2.7976,-2.2628,-1.3725,-0.4295,0.23874,0.97134,1.5207,1.8707,1.9946,2.0061,1.8708,1.6819,1.3788,1.0015,0.73489,0.36068,-0.013015,-0.32771,-0.62742,-0.99735,-1.4705,-1.8893,-2.6019,-3.5325,-4.7088,-5.8621,-7.7391,-10.094,-12.003,-13.561,-12.872,-11.603,-10.217,-9.6775,-10.136,-11.261,-14.276,-18.833,-17.805,-12.399,-8.5889,-6.6644,-5.0016,-4.0151,-3.524,-3.4489,-3.7245,-4.3547,-5.0831,-6.4228,-8.1447,-10.099,-11.393,-12.161,-11.583,-10.784,-9.6719,-8.7388,-8.1987,-7.5526,-6.8622,-6.1122,-5.4191,-4.3544,-3.202,-2.3208,-1.2259,-0.29399,0.26061,0.75155,0.95095,0.79234,0.43061,-0.40411,-1.6974,-2.997,-5.2497,-8.1489,-11.461
-19.333,-17.527,-10.157,-5.7725,-3.5215,-1.3597,0.16956,1.0205,1.8556,2.4681,2.9238,3.2046,3.5066,3.7332,3.8224,3.7772,3.4951,3.0716,2.1781,0.78749,-1.2185,-3.3062,-7.2532,-13.101,-16.394,-12.008,-8.2529,-6.4351,-4.7595,-3.5026,-2.524,-1.9502,-1.3914,-1.0673,-0.98766,-1.0649,-1.2686,-1.4642,-1.531,-1.4401,-1.1364,-0.83056,-0.43303,-0.20116,-0.15814,-0.34622,-0.87196,-1.757,-2.6795,-4.217,-6.1239,-7.6294,-9.5624,-11.148,-12.04,-12.38,-11.069,-8.4723,-6.41,-3.9978,-2.0365,-0.87315,0.31573,1.1335,1.6229,1.8234,1.8627,1.6702,1.3943,0.8766,0.18617,-0.44321,-1.3478,-2.3785,-3.382,-4.0624,-4.7179,-4.891,-4.7223,-4.0619,-3.1381,-2.4133,-1.4533,-0.68102,-0.12886,0.12967,0.18123,-0.10135,-0.56525,-1.6429,-3.2869,-5.7719,-8.4173,-12.457,-11.517,-8.1203,-4.5105,-1.8579,-0.42234,1.1452,2.3021,3.1743,3.6659,4.1243,4.3779,4.4506,4.3992,4.1885,3.9465,3.5325,3.0225,2.4369,1.9481,1.2503,0.45405,-0.2078,-1.2984,-2.6563,-4.4142,-5.9925,-7.8726,-7.9822,-6.324,-3.7156,-1.3645,-0.024664,1.4281,2.4264,3.089,3.3807,3.5476,3.5017,3.3305,3,2.5567,2.2132,1.7286,1.362,1.0461,0.88471,0.69879,0.49909,0.29583,-0.13943,-0.83159,-1.8855,-3.0177,-5.1201,-8.2084,-11.317,-14.662,-12.211,-9.6463,-7.4355,-6.5019,-6.512,-7.0486,-8.3282,-9.3188,-9.0615,-7.4421,-5.5553,-4.426,-3.3983,-2.7983,-2.4788,-2.3985,-2.392,-2.4885,-2.6417,-2.9468,-3.3761,-3.8251,-4.1693,-4.5445,-4.8212,-4.9851,-5.1965,-5.3835,-5.4483,-5.3222,-4.8871,-3.9618,-3.0716,-1.7383,-0.39659,0.50982,1.5861,2.4302,2.8934,3.2562,3.3113,3.0324,2.5834,1.6456,0.26882,-1.0913,-3.4986,-6.7429,-10.83
-3.2454,-2.85,-1.9014,-0.70151,0.1072,0.95421,1.4771,1.6328,1.6121,1.4365,1.2859,1.3475,1.7094,2.3146,2.7738,3.2344,3.3967,3.2319,2.6348,1.4857,-0.23196,-1.9251,-4.6977,-7.5479,-9.0364,-9.5781,-9.4271,-9.3368,-8.967,-7.7625,-6.104,-4.9294,-3.7983,-3.2722,-3.3194,-3.9703,-5.2599,-6.9374,-7.9894,-7.7429,-5.9276,-4.4229,-2.7905,-1.7078,-1.26,-1.1032,-1.4779,-2.4072,-3.5265,-5.666,-8.8919,-12.43,-18.668,-17.328,-13.383,-9.728,-7.0852,-4.9755,-3.6196,-2.0411,-0.78132,-0.032407,0.73795,1.2183,1.4434,1.4744,1.3414,1.0501,0.74219,0.25369,-0.30524,-0.76607,-1.3858,-2.0252,-2.6134,-2.9695,-3.2589,-3.2242,-2.994,-2.4123,-1.6244,-0.9905,-0.16731,0.50578,0.99407,1.1976,1.1775,0.84389,0.35066,-0.70502,-2.2159,-4.1871,-5.964,-7.8274,-7.4006,-5.8682,-3.4398,-1.252,0.015549,1.5112,2.6592,3.5378,4.0348,4.4901,4.7067,4.7309,4.5918,4.2784,3.9684,3.4816,2.9652,2.4397,2.0919,1.5729,0.9497,0.37941,-0.68495,-2.207,-4.371,-6.692,-10.522,-11.014,-8.0982,-4.2179,-1.3759,0.12039,1.6803,2.714,3.3561,3.6216,3.6787,3.4212,3.0431,2.2894,1.3356,0.52876,-0.5411,-1.2214,-1.4521,-1.1614,-0.54445,0.18977,0.65761,1.1012,1.3121,1.224,0.9881,0.4882,-0.13343,-0.52646,-0.81751,-0.74649,-0.47438,-0.071684,0.20293,0.27622,0.2069,0.0056943,-0.22409,-0.36083,-0.56351,-0.79156,-1.1034,-1.7153,-2.5322,-3.3314,-3.7,-3.5153,-2.8424,-2.2127,-1.4688,-0.99799,-0.79543,-0.82135,-1.0962,-1.6667,-2.2794,-3.476,-5.228,-6.9398,-9.5632,-10.266,-7.282,-4.7042,-1.8216,0.40869,1.7054,3.0735,4.05,4.5479,4.9254,4.9784,4.7468,4.3894,3.6733,2.7313,1.8935,0.6795,-0.49176,-1.4653
1.7207,1.9905,2.2845,2.4995,2.5232,2.343,1.7886,1.0321,-0.53488,-3.0356,-6.5528,-8.3922,-5.9443,-2.2789,-0.2564,1.6051,2.683,3.0854,3.1453,2.7355,1.8888,1.0319,-0.40784,-2.0808,-3.5027,-5.7858,-9.0295,-12.966,-25.673,-15.982,-9.53,-6.9839,-5.093,-4.3984,-4.4961,-5.4729,-7.6108,-11.283,-15.03,-14.693,-9.6624,-7.0026,-4.6333,-3.1064,-2.3946,-1.9105,-1.9101,-2.3918,-3.0722,-4.4203,-6.2106,-7.739,-9.2429,-9.0591,-7.9998,-6.1517,-4.5093,-3.2032,-2.4105,-1.5763,-0.98321,-0.68772,-0.49669,-0.51775,-0.74016,-1.0631,-1.6399,-2.3119,-2.8438,-3.5275,-4.0687,-4.395,-4.9108,-5.4425,-6.2277,-6.9119,-7.7385,-8.0116,-7.4425,-5.969,-4.1674,-2.875,-1.4336,-0.31184,0.45192,0.79233,0.95774,0.81283,0.51579,-0.10002,-0.87938,-1.7651,-2.3336,-2.8822,-3.0152,-2.7633,-2.2541,-1.378,-0.65765,0.31397,1.2493,2.0197,2.4752,2.8718,2.9946,2.8911,2.4715,1.7462,1.0277,-0.050722,-0.97647,-1.4873,-1.4525,-1.1643,-0.81461,-0.69724,-0.74648,-1.0352,-1.5765,-1.9641,-2.3502,-2.3274,-1.8886,-1.1127,-0.15358,0.59893,1.3973,2.0681,2.4399,2.5447,2.3845,1.8404,1.1833,-0.17844,-2.11,-4.1731,-8.0052,-13.495,-13.33,-9.1888,-5.1544,-2.4104,-0.90356,0.68034,1.8748,2.7513,3.2647,3.7713,4.1344,4.3586,4.5928,4.8267,4.973,5.1181,5.2005,5.1629,5.0413,4.7686,4.3325,3.9029,3.1124,1.9867,0.84471,-1.2817,-4.5288,-10.3,-19.12,-12.526,-6.1647,-3.5377,-1.4024,-0.12109,0.52823,0.71532,0.59748,0.089836,-0.5613,-1.8221,-3.6355,-5.4537,-8.1847,-9.0427,-6.2479,-3.7482,-0.99206,1.1264,2.3554,3.6252,4.4885,4.8995,5.188,5.1645,4.8675,4.4917,3.8029,2.9798,2.331,1.5414,0.94145,0.60355
2.2173,2.3822,2.4733,2.3619,2.1634,1.6732,0.87064,0.02404,-1.546,-3.6623,-5.9796,-6.8727,-5.5863,-3.095,-1.4057,0.30638,1.4553,2.0144,2.3707,2.3822,2.0603,1.6224,0.84142,-0.17207,-1.0704,-2.4174,-3.8398,-4.844,-5.6881,-5.7016,-5.1768,-4.6559,-4.1786,-4.0644,-4.2452,-4.8135,-5.6637,-6.5652,-7.0998,-7.3383,-7.0895,-6.6706,-5.9499,-5.2171,-4.6978,-4.1342,-3.748,-3.5694,-3.5933,-3.7701,-4.0915,-4.3203,-4.543,-4.5952,-4.5245,-4.3187,-4.1312,-3.9993,-3.9741,-4.0677,-4.2466,-4.4352,-4.7999,-5.2919,-6.0166,-6.7843,-8.1763,-10.076,-11.674,-13.379,-13.506,-12.804,-11.86,-11.64,-12.351,-13.816,-17.976,-32.844,-22.684,-13.556,-9.0903,-6.8439,-4.7245,-3.2231,-2.2749,-1.8515,-1.5983,-1.7141,-2.0122,-2.6191,-3.4514,-4.4518,-5.2234,-6.2106,-7.0265,-7.3219,-7.2921,-6.8214,-6.0532,-4.9662,-3.7446,-2.6436,-1.9661,-1.3387,-1.0858,-1.2031,-1.8354,-3.1441,-4.7316,-8.0416,-13.723,-17.063,-12.271,-7.689,-5.1432,-3.9951,-3.0894,-2.7146,-2.7063,-2.8311,-3.059,-3.2912,-3.3266,-3.1947,-2.8753,-2.4822,-1.903,-1.356,-0.96997,-0.87237,-0.99777,-1.4611,-2.107,-3.314,-4.9977,-6.6754,-8.9931,-10.968,-11.248,-9.9789,-7.7411,-5.4604,-3.8055,-1.8377,-0.11175,1.3926,2.345,3.4235,4.3073,4.8391,5.4256,5.869,6.1066,6.3212,6.4067,6.3611,6.235,5.9317,5.4655,4.985,4.1752,3.1153,2.1499,0.57038,-1.2096,-2.9221,-3.7564,-3.7015,-2.7319,-1.8344,-0.81556,-0.1221,0.25609,0.34288,0.23819,-0.083575,-0.45615,-1.0605,-1.7118,-2.141,-2.4737,-2.3925,-1.8439,-1.2174,-0.24176,0.74977,1.4259,2.1599,2.6717,2.8976,2.9501,2.7269,2.1783,1.5462,0.43333,-0.98642,-2.1838,-3.7157,-4.6492,-4.43
1.0198,1.0858,1.0654,0.91348,0.72414,0.35893,-0.11759,-0.50959,-1.0764,-1.5675,-1.877,-1.9058,-1.6194,-1.0479,-0.52245,0.17906,0.78325,1.1205,1.4216,1.5203,1.4499,1.2832,0.94781,0.47954,0.076868,-0.49669,-1.0664,-1.4558,-1.8679,-2.1852,-2.4183,-2.5935,-2.8839,-3.291,-3.7163,-4.4407,-5.3126,-6.3341,-7.1327,-8.1882,-9.154,-9.658,-9.8574,-9.4099,-8.7668,-7.706,-6.6827,-5.812,-5.2966,-4.8048,-4.505,-4.3939,-4.3752,-4.492,-4.6519,-5.0594,-5.6613,-6.4968,-7.287,-8.4937,-9.7119,-10.451,-10.997,-11.228,-11.558,-12.047,-13.423,-15.952,-19.002,-24.834,-22.652,-18.79,-15.574,-13.987,-13.306,-13.207,-13.31,-13.142,-12.395,-10.875,-9.11,-7.8623,-6.4906,-5.467,-4.8056,-4.5347,-4.4792,-4.7717,-5.2304,-6.159,-7.5378,-9.2881,-10.934,-13.568,-16.53,-18.871,-19.722,-18.186,-15.989,-13.074,-10.439,-8.2074,-6.8652,-5.512,-4.6867,-4.415,-4.5232,-5.1893,-6.031,-7.5656,-9.1305,-9.5843,-8.846,-7.3628,-5.9973,-5.2588,-4.7535,-4.7424,-5.1135,-5.6939,-6.7827,-8.1111,-9.2645,-10.152,-9.8521,-8.974,-7.4311,-6.1558,-5.1761,-4.7292,-4.4837,-4.6294,-4.9883,-5.7705,-6.8954,-7.9229,-9.3214,-10.888,-12.117,-12.512,-11.944,-9.9335,-7.9557,-5.3329,-2.949,-0.92656,0.36823,1.823,2.9987,3.7244,4.5073,5.0805,5.4062,5.699,5.8339,5.8322,5.7478,5.5152,5.1578,4.8038,4.2251,3.5485,2.9721,2.1807,1.3836,0.68698,0.29293,-0.06846,-0.2395,-0.31442,-0.3651,-0.47604,-0.6637,-0.8812,-1.2539,-1.6986,-2.046,-2.4931,-2.8618,-3.0421,-3.1399,-3.0171,-2.7317,-2.4013,-1.8587,-1.2875,-0.86199,-0.39289,-0.039042,0.10926,0.083925,-0.22422,-0.88106,-1.6569,-3.1548,-5.4052,-7.8585,-13.211,-30.366,-16.005
-0.062159,-0.10889,-0.26472,-0.47253,-0.67948,-0.96173,-1.2202,-1.3853,-1.5088,-1.523,-1.4097,-1.2414,-0.91764,-0.51301,-0.1906,0.23127,0.60027,0.82149,1.0431,1.161,1.1955,1.1796,1.0841,0.94958,0.82655,0.63816,0.43002,0.27594,0.037855,-0.23424,-0.54162,-0.83769,-1.3224,-1.9614,-2.5566,-3.5454,-4.7956,-6.3712,-7.8177,-10.3,-13.681,-17.19,-21.778,-18.036,-14.484,-11.159,-8.8427,-7.1689,-6.2221,-5.2608,-4.5895,-4.2812,-4.0968,-4.1855,-4.4538,-5.1092,-6.1678,-7.7891,-9.4955,-12.704,-17.894,-23.667,-21.769,-16.619,-14.038,-13.076,-12.596,-12.687,-12.935,-13.123,-12.892,-12.478,-11.729,-11.037,-10.495,-10.158,-9.7396,-9.2886,-8.9063,-8.2994,-7.64,-7.1502,-6.5051,-6.0416,-5.7195,-5.6217,-5.7388,-6.1445,-6.6652,-7.768,-9.3567,-11.599,-13.8,-17.647,-23.316,-28.621,-33.293,-30.766,-25.58,-19.285,-14.57,-10.991,-8.959,-6.9156,-5.4844,-4.7477,-4.1412,-3.8817,-3.861,-3.9531,-4.0694,-4.0728,-4.0336,-3.8819,-3.7549,-3.7574,-3.9745,-4.4999,-5.4428,-6.4843,-8.519,-11.619,-15.353,-25.374,-20.878,-15.103,-11.032,-8.6496,-7.2083,-6.4961,-6.0019,-5.9386,-6.0911,-6.6184,-7.5098,-8.329,-9.995,-12.403,-16.174,-21.58,-26.701,-15.344,-10.942,-6.9048,-3.9617,-1.6564,-0.23024,1.3281,2.5654,3.3213,4.1109,4.7002,5.0215,5.2989,5.4347,5.4405,5.3693,5.1931,4.9289,4.6886,4.3066,3.8668,3.5109,3.0235,2.514,2.0148,1.6509,1.1677,0.69462,0.32411,-0.21706,-0.81853,-1.5222,-2.1096,-2.9743,-3.884,-4.5425,-5.311,-5.8509,-6.0778,-6.1283,-5.9368,-5.554,-5.1736,-4.5782,-3.9239,-3.421,-2.7563,-2.1837,-1.8605,-1.5921,-1.5954,-1.8794,-2.2989,-3.1786,-4.3786,-5.4055,-6.7356,-7.532,-7.3251
-0.77121,-0.98909,-1.3948,-1.9054,-2.3133,-2.8196,-3.1761,-3.3107,-3.2218,-2.8773,-2.3281,-1.8457,-1.1942,-0.57885,-0.16944,0.28139,0.61588,0.80271,0.94718,1.0315,1.0608,1.0811,1.1282,1.2249,1.317,1.4565,1.5892,1.6598,1.6901,1.641,1.464,1.251,0.82426,0.21132,-0.37612,-1.3582,-2.6047,-4.1296,-5.5099,-7.6863,-10.197,-12.083,-13.608,-12.906,-11.495,-9.478,-7.667,-6.1674,-5.2048,-4.1384,-3.3003,-2.8306,-2.4328,-2.3173,-2.4443,-2.877,-3.6917,-4.92,-6.1326,-8.1153,-10.263,-11.46,-11.623,-10.601,-9.399,-8.7122,-8.0806,-7.7383,-7.6065,-7.4971,-7.4309,-7.3622,-7.2566,-7.1302,-7.0422,-6.9912,-6.9317,-6.8503,-6.813,-6.697,-6.5245,-6.3697,-6.1106,-5.8098,-5.5298,-5.3785,-5.305,-5.4647,-5.7678,-6.4826,-7.5291,-9.0253,-10.507,-12.853,-15.605,-17.978,-20.961,-21.347,-18.761,-14.743,-11.18,-8.2804,-6.5247,-4.6678,-3.2688,-2.461,-1.6702,-1.1374,-0.88266,-0.66722,-0.54818,-0.50985,-0.52062,-0.57644,-0.74493,-0.96184,-1.371,-1.9662,-2.8297,-3.6404,-4.9005,-6.3404,-7.3957,-8.357,-8.4692,-8.1637,-7.3128,-6.4914,-5.888,-5.5696,-5.3363,-5.3065,-5.4267,-5.7277,-6.1749,-6.6093,-7.3558,-8.1044,-8.7134,-8.927,-8.4093,-6.9729,-5.5179,-3.4666,-1.5327,0.168,1.2645,2.5131,3.5228,4.1198,4.7329,5.1612,5.3557,5.4846,5.4874,5.3845,5.2523,5.0349,4.7861,4.5899,4.3265,4.0479,3.8382,3.516,3.175,2.7829,2.4401,1.9416,1.3507,0.8547,0.061059,-0.88134,-2.0283,-3.0476,-4.6383,-6.5278,-8.1003,-10.193,-11.64,-11.885,-11.282,-10.387,-9.5227,-8.9718,-8.206,-7.2036,-6.314,-4.9574,-3.6648,-2.8132,-1.8973,-1.2795,-0.97815,-0.94442,-1.1219,-1.491,-1.8561,-2.3726,-2.8142,-3.1155
-1.0037,-1.4582,-2.3048,-3.5029,-4.5796,-6.2046,-7.725,-8.2549,-7.7309,-6.1294,-4.3125,-3.0814,-1.6813,-0.59608,0.018678,0.59129,0.8956,0.95761,0.8517,0.59458,0.30368,0.14857,0.20115,0.56157,1.0111,1.7298,2.447,2.91,3.4119,3.7311,3.8486,3.8123,3.5862,3.1698,2.7192,1.9472,0.97825,-0.17764,-1.1489,-2.5244,-3.8807,-4.7915,-5.7408,-6.2506,-6.3302,-5.9831,-5.2282,-4.1679,-3.2363,-2.027,-0.94049,-0.22758,0.50954,0.99725,1.2015,1.2324,1.0112,0.58109,0.14823,-0.51463,-1.1496,-1.5441,-1.886,-2.0504,-2.0969,-2.1051,-2.1473,-2.2543,-2.3694,-2.5876,-2.8434,-3.0449,-3.3501,-3.6686,-3.9978,-4.2758,-4.7064,-5.2111,-5.5953,-6.1348,-6.5664,-6.7091,-6.6291,-6.0758,-5.3128,-4.6988,-3.945,-3.4063,-3.1861,-3.0852,-3.2878,-3.7271,-4.1876,-4.9228,-5.666,-6.0778,-6.3497,-6.1584,-5.6259,-4.5193,-3.2302,-1.926,-1.0202,0.044396,0.90646,1.4253,1.9534,2.319,2.5132,2.6767,2.7599,2.7717,2.7676,2.6818,2.5257,2.3546,2.0275,1.5717,1.0142,0.52334,-0.19925,-0.94778,-1.4579,-2.1067,-2.5944,-2.8471,-3.1353,-3.337,-3.4871,-3.642,-3.8329,-4.0098,-4.1677,-4.3429,-4.4412,-4.5364,-4.4294,-4.1528,-3.7147,-3.2278,-2.3328,-1.2386,-0.34724,0.91409,2.1426,3.2532,3.9922,4.8213,5.4583,5.8104,6.115,6.2175,6.1823,5.9983,5.6664,5.2392,4.8945,4.4458,4.0906,3.9025,3.7707,3.741,3.7286,3.6829,3.565,3.338,3.0965,2.6688,2.1147,1.6035,0.80121,-0.20762,-1.4697,-2.6435,-4.6297,-7.3431,-10.15,-15.945,-28.807,-22.336,-15.657,-13.26,-12.78,-13.352,-14.733,-13.925,-11.087,-7.181,-4.1166,-2.3467,-0.59052,0.64188,1.409,1.7221,1.8611,1.7001,1.4004,0.81565,0.049998,-0.86852
-0.8974,-1.4484,-2.6056,-4.2936,-6.0678,-9.4316,-15.316,-23.617,-16.136,-9.4467,-5.6199,-3.5769,-1.5415,-0.10617,0.65216,1.2661,1.425,1.217,0.50975,-0.82467,-2.7592,-4.4165,-5.5166,-3.7771,-1.6943,0.7898,2.6961,3.7963,4.8832,5.6055,6.0463,6.1946,6.1935,5.9779,5.6805,5.1099,4.3509,3.4006,2.5782,1.34,-0.070462,-1.2467,-2.9626,-4.8256,-6.1712,-7.2935,-6.6578,-4.5251,-2.7462,-0.51344,1.333,2.4736,3.7048,4.6216,5.1307,5.5695,5.7905,5.8139,5.7261,5.5023,5.1972,4.9343,4.5446,4.1397,3.6943,3.3352,2.7982,2.2022,1.7164,1.0266,0.3316,-0.20277,-0.88475,-1.5574,-2.2166,-2.733,-3.5248,-4.5661,-5.5556,-7.3615,-9.8192,-11.854,-12.575,-9.7959,-6.555,-4.5882,-2.5413,-1.0213,-0.1583,0.68301,1.2182,1.5393,1.6973,1.795,1.8517,1.9027,2.0705,2.3319,2.5655,3.0144,3.5118,3.9938,4.3251,4.6912,4.9569,5.0682,5.1284,5.0986,5.0488,4.9667,4.896,4.8778,4.8778,4.8843,4.8844,4.8506,4.7107,4.4577,4.1128,3.7894,3.2485,2.6331,2.1508,1.4362,0.63885,0.068565,-0.8077,-1.7016,-2.5453,-3.1097,-3.7541,-4.2583,-4.4883,-4.7153,-4.8283,-4.6993,-4.1841,-3.3069,-2.0483,-0.94245,0.51603,1.9409,2.9347,4.1183,5.1236,5.9538,6.4516,6.934,7.2121,7.3003,7.2411,6.9755,6.6493,6.0011,5.0948,3.9286,2.9313,1.5907,0.65933,0.5149,0.99995,1.8299,2.3947,2.9685,3.2099,3.1863,3.035,2.6598,2.1929,1.7907,1.2357,0.59029,-0.18988,-0.8894,-2.059,-3.4448,-4.6395,-6.1806,-7.3302,-7.7024,-7.7559,-7.8607,-8.5503,-9.565,-11.259,-10.632,-7.8618,-3.9287,-0.84719,0.94409,2.7654,4.0284,4.8429,5.1868,5.3044,5.0541,4.6409,3.7598,2.453,0.64162
-1.6515,-2.057,-3.0659,-4.4772,-5.6993,-7.4445,-8.7633,-9.0494,-8.3863,-6.6942,-4.695,-3.2006,-1.4985,-0.1478,0.61254,1.2346,1.3993,1.2011,0.41341,-1.1142,-3.5776,-6.1611,-8.4686,-5.4404,-2.4731,0.55485,2.6778,3.8493,4.9817,5.7604,6.2595,6.4774,6.589,6.4955,6.3109,5.8978,5.2985,4.5067,3.7769,2.6062,1.1432,-0.177,-2.3433,-5.3784,-8.6023,-15.179,-12.679,-6.2135,-3.0174,0.10114,2.4569,3.842,5.3436,6.4981,7.1549,7.8161,8.2418,8.4554,8.4951,8.4088,8.1702,7.9042,7.4361,6.8471,6.133,5.5012,4.5435,3.4349,2.5053,1.1814,-0.22602,-1.2515,-2.4592,-3.3241,-3.8978,-4.1994,-4.5962,-5.1867,-5.9535,-7.4412,-9.7161,-11.674,-12.437,-9.2906,-5.7926,-3.6114,-1.3604,0.43687,1.5064,2.6361,3.5424,4.237,4.6469,5.1024,5.4676,5.6814,5.9344,6.1795,6.3386,6.4989,6.6227,6.672,6.6464,6.5011,6.2106,5.8896,5.3208,4.6235,4.0495,3.363,2.946,2.938,3.1387,3.6125,4.0734,4.3287,4.5238,4.5329,4.3243,4.0562,3.5933,3.003,2.4352,1.6192,0.61712,-0.35323,-1.8394,-3.6717,-5.8771,-7.4341,-8.854,-9.1814,-9.0715,-9.2351,-10.265,-11.261,-11.972,-8.8789,-4.8716,-2.4086,0.28989,2.3632,3.5952,4.861,5.7761,6.3711,6.6172,6.7271,6.6241,6.4208,6.0179,5.5036,4.9976,4.1059,2.8418,0.9376,-1.2074,-5.7979,-16.95,-15.222,-5.7532,-1.9016,-0.28051,0.86877,1.2236,0.97458,0.47196,-0.38868,-1.2099,-1.5598,-1.6576,-1.4248,-1.1674,-1.0843,-1.1188,-1.3103,-1.4958,-1.7495,-1.9194,-1.9549,-1.919,-1.7507,-1.515,-1.2635,-0.73201,0.16239,1.0831,2.447,3.8617,4.8412,5.9418,6.7636,7.2878,7.4874,7.4677,7.1304,6.6586,5.7008,4.3306,2.4775
-2.2375,-2.67,-3.8533,-5.724,-7.5558,-10.604,-13.424,-13.57,-11.157,-8.1677,-5.6688,-4.1162,-2.3932,-1.0268,-0.21271,0.56462,1.0366,1.2195,1.1998,0.96099,0.60137,0.40104,0.41441,0.81329,1.3283,2.1229,2.8588,3.3108,3.7835,4.1298,4.3682,4.5094,4.6212,4.6361,4.5737,4.3582,3.9663,3.389,2.8284,1.9239,0.84975,-0.03549,-1.2657,-2.4391,-3.0934,-3.4353,-2.9149,-1.6018,-0.32486,1.4659,3.1607,4.2917,5.6124,6.6988,7.3469,8.0258,8.474,8.7206,8.7748,8.6914,8.4242,8.1106,7.5495,6.8034,5.8771,5.032,3.7194,2.124,0.69848,-1.552,-4.4002,-6.8888,-10.439,-12.042,-10.546,-9.0573,-7.522,-6.5591,-6.1946,-5.8529,-5.7109,-5.5282,-4.9723,-4.0418,-2.8134,-1.7922,-0.48874,0.77851,1.6339,2.652,3.5709,4.3466,4.8266,5.3934,5.8616,6.1334,6.4024,6.5972,6.693,6.6971,6.6131,6.4185,6.1789,5.7101,5.0252,4.3316,3.065,1.2801,-0.52988,-3.6694,-6.6634,-5.7526,-3.4485,-0.79188,0.91987,1.6981,2.2582,2.358,2.0734,1.6823,1.1131,0.51166,0.0049315,-0.62281,-1.3747,-2.2813,-3.8733,-6.2787,-10.262,-15.287,-25.28,-15.875,-12.565,-10.896,-11.125,-11.984,-12.286,-8.9326,-4.8595,-2.3219,0.34557,2.3018,3.3905,4.4133,4.9948,5.1444,4.9816,4.4411,3.6173,2.8716,1.9146,1.2949,1.041,0.88375,0.6533,0.095965,-0.61518,-1.7349,-2.526,-2.4953,-1.6813,-0.67602,-0.12152,0.068288,-0.36214,-1.6106,-3.2427,-6.6122,-12.076,-14.876,-10.114,-6.2882,-4.1197,-3.1884,-2.4816,-2.1501,-1.9909,-1.7639,-1.3682,-0.93137,-0.23593,0.5817,1.4635,2.1296,3.0181,3.9284,4.6265,5.4967,6.3169,6.8711,7.4788,7.9372,8.2079,8.2798,8.1826,7.8667,7.4672,6.7155,5.7199,4.4783
-0.33184,-0.9541,-2.2573,-4.1982,-6.1991,-9.6197,-13.341,-13.705,-10.708,-7.7464,-5.5349,-4.2417,-2.8282,-1.6592,-0.94061,-0.048681,0.7324,1.2304,1.7676,2.1898,2.4563,2.6146,2.7278,2.78,2.7552,2.5974,2.3066,1.9922,1.5244,1.1053,0.88755,0.94929,1.2345,1.6425,1.8969,2.067,1.9949,1.6599,1.2353,0.46758,-0.44362,-1.1874,-2.154,-2.8147,-3.0204,-2.7456,-1.8676,-0.59594,0.46147,1.9531,3.4076,4.4116,5.5715,6.5347,7.1288,7.7271,8.1148,8.3023,8.3123,8.1576,7.8259,7.4587,6.8264,6.0142,5.0103,4.1178,2.7192,1.034,-0.46907,-2.9041,-5.933,-8.7464,-13.008,-15.019,-12.609,-10.488,-8.3564,-6.8865,-6.0539,-5.2131,-4.5167,-4.0814,-3.5094,-2.9368,-2.2303,-1.6619,-0.8025,0.041138,0.70903,1.6157,2.4664,3.2586,3.7937,4.4088,4.9172,5.2346,5.5244,5.6513,5.689,5.6052,5.3818,5.0682,4.7709,4.2987,3.6866,3.0904,2.0078,0.46274,-1.1015,-3.8394,-6.2558,-5.4742,-3.4517,-1.1125,0.38097,0.98296,1.1443,0.6009,-0.54862,-1.7515,-3.5587,-4.7525,-4.7076,-3.8946,-3.0467,-2.7151,-2.7472,-3.3127,-4.2244,-4.866,-5.3735,-5.2174,-4.8221,-4.128,-3.4417,-2.9276,-2.117,-0.96235,0.43849,1.5279,2.8034,3.8493,4.4523,4.9523,5.028,4.6547,4.0298,2.6347,0.35613,-2.1892,-7.0957,-10.106,-6.8048,-2.8654,-0.55367,0.78961,1.3754,1.8094,2.0549,2.1971,2.3374,2.3417,2.2347,1.828,1.0517,-0.18828,-1.457,-3.5755,-5.6782,-6.4184,-5.7862,-4.4839,-3.525,-3.2331,-3.3764,-4.0835,-4.7858,-5.2953,-4.5535,-3.2652,-1.1809,0.73533,2.3878,3.4455,4.6487,5.6283,6.2526,6.9495,7.5049,7.8322,8.1747,8.4051,8.5241,8.5262,8.4405,8.2183,7.9614,7.4781,6.8316,6.0277
2.8376,2.2248,1.1932,-0.074232,-1.0947,-2.4341,-3.5287,-4.0531,-4.3609,-4.407,-4.2853,-4.1663,-3.9765,-3.6045,-3.1102,-2.1089,-0.89691,0.018023,1.17,2.0991,2.7999,3.1238,3.3022,3.1801,2.8584,2.0801,0.82211,-0.48732,-2.874,-5.96,-8.0524,-7.2762,-4.6822,-2.5464,-1.4615,-0.59007,-0.26792,-0.42038,-0.82079,-1.7322,-3.105,-4.4446,-6.701,-9.2119,-10.284,-8.7589,-5.7201,-2.9104,-1.0961,0.9063,2.5661,3.6169,4.7769,5.6777,6.205,6.6972,6.9823,7.0477,6.9675,6.6863,6.2374,5.7996,5.0882,4.2717,3.3342,2.5763,1.4177,0.10687,-0.98452,-2.6027,-4.3259,-5.622,-7.1029,-8.072,-8.3229,-8.1631,-7.5764,-6.7751,-6.1148,-5.4889,-4.9859,-4.73,-4.5865,-4.5434,-4.4893,-4.3338,-3.8087,-3.0265,-2.2757,-1.2548,-0.28874,0.62757,1.2842,2.0462,2.6692,3.0644,3.4383,3.5681,3.4697,3.1847,2.6859,2.0869,1.7017,1.4175,1.4309,1.564,1.7581,1.8521,1.8232,1.7368,1.7625,1.9933,2.2698,2.6519,2.8503,2.7733,2.2107,1.0158,-1.0319,-3.3647,-8.5094,-16.867,-11.88,-5.7451,-2.6495,-1.1256,0.032839,0.64318,0.96108,1.0759,1.1933,1.3764,1.5101,1.7637,2.0618,2.3073,2.7285,3.251,3.8399,4.2872,4.8929,5.4152,5.7102,5.9113,5.8387,5.4293,4.8681,3.7016,2.0086,0.40952,-1.7669,-2.5851,-1.7763,0.063076,1.731,2.9557,3.6304,4.2228,4.5473,4.6569,4.666,4.5447,4.3486,4.0036,3.4931,2.8918,2.3772,1.7216,1.1071,0.77025,0.42246,0.1266,-0.36353,-0.98162,-2.3875,-4.8693,-8.057,-16.993,-12.669,-6.5849,-1.9028,1.0582,3.1223,4.2855,5.4689,6.307,6.7431,7.1565,7.3762,7.4472,7.4716,7.4386,7.4074,7.4027,7.4079,7.3911,7.3451,7.2024,6.9248,6.5016
4.8631,4.2844,3.359,2.2841,1.4107,0.22365,-0.95256,-1.856,-3.0442,-4.2502,-5.6441,-6.9448,-9.204,-11.764,-12.017,-8.9967,-5.3144,-3.0377,-0.72855,0.92401,2.0469,2.5741,2.9122,2.8078,2.45,1.5782,0.15544,-1.3272,-4.0528,-7.5791,-10.243,-9.3738,-6.6162,-4.5018,-3.4967,-2.7414,-2.5474,-2.796,-3.2336,-4.143,-5.5161,-6.8973,-9.4349,-12.759,-14.637,-12.072,-7.9009,-4.7327,-2.8167,-0.82909,0.68693,1.6217,2.6134,3.3743,3.783,4.1454,4.277,4.1723,3.9376,3.4268,2.6972,2.0486,1.1009,0.17669,-0.62155,-1.1468,-1.7648,-2.4495,-3.0547,-4.0609,-5.3242,-6.473,-8.2043,-10.107,-11.493,-11.725,-10.803,-9.2406,-8.2041,-7.1828,-6.7856,-6.8726,-7.5832,-9.009,-11.224,-12.748,-12.7,-10.179,-8.4482,-6.6034,-5.3213,-4.3669,-3.6837,-2.6375,-1.5402,-0.82781,-0.082357,0.28612,0.17269,-0.55062,-2.0176,-4.4216,-6.6826,-7.9078,-5.0653,-2.6193,-0.10031,1.6517,2.6012,3.5533,4.2093,4.6608,4.8975,5.0447,4.9809,4.762,4.2442,3.4528,2.4074,1.5263,0.44187,-0.14293,-0.038042,0.61436,1.5485,2.2224,3.0097,3.6107,4.029,4.2274,4.3895,4.4328,4.4214,4.3125,4.1492,4.0372,3.9141,3.8483,3.9158,4.0898,4.4921,4.9855,5.33,5.7044,5.9335,5.9385,5.7912,5.4194,4.911,4.5183,4.085,3.8565,3.8963,4.1361,4.5111,4.8653,5.0634,5.2279,5.2448,5.1541,4.9241,4.6245,4.3703,4.039,3.7705,3.5758,3.4801,3.3985,3.3438,3.2812,3.1541,2.9065,2.4867,2.0386,1.2695,0.37007,-0.26236,-0.68323,-0.31784,0.43341,1.7599,3.0834,4.1865,4.8358,5.4405,5.7647,5.8177,5.6373,5.2015,4.7438,4.0147,3.3495,2.9881,3.0375,3.4248,4.0155,4.438,4.8795,5.1191,5.1249
5.2714,4.6568,3.6569,2.4803,1.4657,-0.038991,-1.663,-2.9408,-4.588,-6.0942,-7.5719,-8.8091,-10.774,-12.908,-13.082,-9.9317,-6.1529,-3.8537,-1.4661,0.25907,1.4197,1.9905,2.3754,2.3709,2.1382,1.5431,0.67773,-0.13499,-1.2977,-2.3841,-3.1812,-3.5519,-3.7546,-3.8594,-3.9713,-4.2974,-4.8533,-5.597,-6.2012,-6.9709,-7.5588,-7.9215,-8.1608,-8.126,-7.82,-7.0252,-5.8972,-4.639,-3.7894,-2.7676,-1.939,-1.4306,-0.84132,-0.34829,-0.04898,0.23527,0.29597,0.090465,-0.30153,-1.165,-2.4988,-3.8133,-5.892,-7.9191,-8.7807,-8.4508,-7.4132,-6.5795,-6.3036,-6.4368,-7.1749,-8.2232,-10.485,-14.22,-21.714,-26.207,-16.217,-11.595,-9.6223,-7.9676,-7.3181,-7.4285,-8.2947,-10.249,-13.395,-16.261,-16.62,-13.414,-11.68,-10.716,-11.125,-12.654,-13.47,-11.334,-7.6258,-5.475,-3.4607,-2.3078,-1.92,-2.1802,-3.2828,-5.2775,-7.0728,-7.8127,-5.168,-2.7291,-0.088388,1.8717,2.9917,4.1197,4.9265,5.4782,5.7419,5.9143,5.8936,5.7601,5.4573,5.0286,4.5323,4.1559,3.7238,3.4656,3.4424,3.5685,3.8787,4.1367,4.561,4.9531,5.2364,5.3735,5.4061,5.2331,4.9798,4.4325,3.6378,2.8795,1.6486,0.37466,-0.44617,-0.39107,0.50127,1.8507,2.8498,3.9599,4.7435,5.2239,5.4013,5.4553,5.3528,5.2235,5.0325,4.865,4.7808,4.7389,4.728,4.7077,4.6356,4.4411,4.0895,3.701,3.0017,2.1195,1.4498,0.69541,0.45557,0.78955,1.3271,2.1205,2.8735,3.3118,3.7243,3.9208,3.9457,3.8601,3.6543,3.4252,3.2837,3.1976,3.2675,3.4267,3.7278,4.0659,4.3561,4.496,4.5121,4.2832,3.9239,3.0883,1.7893,0.41279,-2.1642,-5.7761,-9.1209,-8.0172,-4.3004,-1.4676,-0.01563,1.2731,2.0287,2.3744
4.9992,4.3741,3.3025,1.9232,0.67146,-1.387,-3.9444,-6.149,-9.3155,-11.438,-10.937,-9.7589,-8.1933,-6.8105,-5.7221,-4.1804,-2.5648,-1.401,-0.0384,1.0293,1.7918,2.1371,2.3208,2.2273,1.9811,1.4564,0.77532,0.19608,-0.60295,-1.4079,-2.1597,-2.6779,-3.3825,-4.166,-4.8629,-6.0596,-7.6514,-9.6852,-11.429,-13.302,-13.235,-12.047,-10.181,-8.6288,-7.6338,-6.6337,-5.926,-5.4659,-5.3169,-5.3599,-5.5763,-5.8054,-5.8775,-5.5648,-5.0654,-4.3392,-3.7879,-3.6354,-3.8516,-4.6794,-6.2192,-8.0023,-11.609,-18.016,-21.643,-15.902,-11.35,-8.8354,-7.697,-6.8653,-6.6711,-6.8101,-7.3672,-8.0681,-8.548,-8.4912,-7.8078,-6.7554,-5.9859,-5.1861,-4.7423,-4.6729,-4.9279,-5.4542,-6.1452,-6.6113,-7.0804,-7.3117,-7.527,-8.3208,-9.8469,-12.153,-13.343,-11.33,-7.6914,-5.4288,-3.255,-1.8417,-1.1416,-0.61108,-0.43013,-0.40398,-0.32929,0.0015829,0.67858,1.3555,2.3525,3.3117,3.9706,4.6968,5.2736,5.6834,5.874,5.9997,5.9689,5.853,5.5592,5.1371,4.6201,4.2102,3.7109,3.3371,3.1711,3.2221,3.5267,3.8999,4.4383,4.9577,5.3711,5.5696,5.6316,5.4389,5.0725,4.2732,3.0065,1.6329,-1.0602,-5.5468,-16.344,-17.601,-5.941,-1.4436,0.64965,2.4986,3.6284,4.2687,4.4989,4.531,4.328,4.0636,3.6538,3.2976,3.0893,2.9562,2.9439,2.9879,2.9942,2.8306,2.3787,1.7789,0.50532,-1.5485,-3.8773,-8.5031,-11.475,-6.3453,-3.0694,-0.10553,1.8123,2.8177,3.7016,4.2116,4.4284,4.4461,4.3234,4.1024,3.9183,3.6838,3.5249,3.4701,3.4489,3.4613,3.4568,3.395,3.1945,2.7811,2.2973,1.4016,0.10656,-1.1884,-3.4134,-6.1069,-8.017,-7.4995,-5.2581,-3.1599,-2.0082,-1.0249,-0.56924,-0.49458
4.4025,3.8939,2.9579,1.6779,0.46687,-1.5396,-4.1897,-6.7526,-11.291,-14.99,-11.759,-8.8066,-5.9083,-3.8099,-2.5399,-1.1329,0.036779,0.77691,1.554,2.0979,2.3755,2.4133,2.2346,1.8015,1.3246,0.5225,-0.42619,-1.1579,-2.105,-2.9207,-3.5982,-4.0227,-4.5727,-5.2372,-5.9197,-7.1694,-9.0162,-11.789,-14.926,-20.499,-18.794,-14.821,-11.112,-8.7763,-7.6258,-6.6054,-6.1202,-6.2234,-6.6694,-7.9554,-10.299,-13.055,-18.06,-16.351,-12.462,-8.9825,-6.9452,-5.918,-5.6229,-5.7903,-6.4454,-7.1977,-8.3027,-9.2318,-9.514,-9.1935,-8.3375,-7.2845,-6.5135,-5.6281,-4.9527,-4.5664,-4.1605,-3.8655,-3.5695,-3.2839,-2.8434,-2.3676,-2.0136,-1.6384,-1.3858,-1.274,-1.2675,-1.3647,-1.5448,-1.7043,-1.941,-2.2444,-2.5045,-2.8442,-3.1724,-3.3409,-3.2443,-2.7911,-1.9941,-1.288,-0.36971,0.39485,0.83052,1.3052,1.6516,1.9279,2.1103,2.3823,2.7033,2.969,3.3522,3.744,4.0275,4.3911,4.7002,4.9434,5.0802,5.1622,5.1084,4.9547,4.5656,3.9402,3.0519,2.2079,0.88415,-0.47486,-1.2277,-1.252,-0.15349,1.0437,2.5747,3.8433,4.7947,5.2753,5.6347,5.6752,5.4878,4.9455,4.0639,3.1664,1.7823,0.31504,-0.70961,-0.79664,-0.041984,1.1845,2.0604,2.9857,3.5683,3.7673,3.6693,3.1989,2.3491,1.4708,0.06493,-1.3308,-2.0219,-2.0816,-1.2555,-0.194,0.49793,1.1117,1.2938,1.1245,0.45183,-0.75377,-1.9852,-3.7119,-4.1646,-2.5911,-0.87351,1.1399,2.6464,3.4534,4.1274,4.4147,4.3549,4.1236,3.6145,2.9236,2.3508,1.6316,1.0953,0.87205,0.83856,0.99057,1.1723,1.2522,1.2243,1.0113,0.70981,0.16932,-0.49269,-1.0263,-1.7091,-2.2446,-2.4793,-2.4604,-2.194,-1.8999,-1.7678,-1.8825,-2.4566,-3.5454
3.2193,2.8685,2.1982,1.3394,0.58388,-0.5132,-1.6662,-2.4743,-3.3062,-3.6561,-3.3452,-2.7858,-1.8024,-0.75635,-0.015257,0.84822,1.5395,1.9295,2.2845,2.421,2.3046,2.0526,1.4669,0.55944,-0.33132,-1.8252,-3.6542,-5.1813,-7.1359,-8.3746,-8.4587,-8.0638,-7.4124,-7.0002,-6.9163,-7.1164,-7.5993,-8.2994,-8.8011,-9.2201,-9.0702,-8.5732,-7.6701,-6.7676,-6.2076,-5.6811,-5.4948,-5.7021,-6.1523,-7.1895,-8.8093,-10.31,-11.811,-11.45,-10.082,-8.2329,-6.8674,-6.0956,-5.8796,-5.9691,-6.428,-6.9199,-7.6644,-8.2617,-8.5648,-8.4759,-7.9674,-7.1069,-6.3682,-5.3419,-4.3661,-3.7103,-2.9168,-2.2283,-1.6216,-1.2175,-0.72064,-0.2756,0.021953,0.35162,0.60484,0.73784,0.86201,0.89936,0.88827,0.84104,0.76125,0.64238,0.53985,0.44213,0.38449,0.38927,0.44203,0.59631,0.81134,1.0058,1.2691,1.5072,1.633,1.7496,1.8256,1.8715,1.8911,1.9048,1.9063,1.9034,1.8876,1.8812,1.8776,1.9373,2.0766,2.3153,2.5406,2.8126,2.9787,2.969,2.7319,2.1332,1.0682,-0.14808,-2.6565,-7.0226,-13.704,-17.077,-6.3007,-2.6026,0.55047,2.6275,4.0253,4.7461,5.3544,5.6062,5.6147,5.3994,4.9856,4.5891,4.0141,3.4916,3.1273,3.003,3.0377,3.2341,3.4094,3.5897,3.6135,3.3716,2.956,2.0261,0.52639,-1.0875,-4.2754,-9.8525,-19.907,-14.815,-7.1097,-3.49,-1.7902,-0.22907,0.78239,1.274,1.661,1.8355,1.9141,2.0566,2.3408,2.8442,3.2881,3.8963,4.3841,4.5941,4.6492,4.3786,3.7636,3.0505,1.7431,-0.013256,-1.6503,-4.1305,-6.2635,-6.6947,-5.5636,-3.9542,-2.72,-2.1203,-1.7535,-1.7847,-2.0057,-2.51,-3.0156,-3.2682,-3.31,-3.036,-2.568,-2.1921,-1.7601,-1.5375,-1.59,-2.0412,-3.0619,-4.9159
1.8132,1.4153,0.74759,0.05256,-0.40655,-0.8762,-1.1177,-1.1672,-1.0615,-0.78087,-0.36962,0.021891,0.58421,1.1516,1.5329,1.9765,2.3036,2.4557,2.5162,2.3812,2.0391,1.6131,0.77895,-0.40289,-1.5818,-3.6393,-6.497,-9.4804,-16.016,-37.942,-16.85,-12.73,-9.7417,-8.0836,-7.3011,-6.694,-6.4095,-6.2943,-6.2354,-6.1476,-5.9911,-5.783,-5.471,-5.0966,-4.8078,-4.5073,-4.3219,-4.2399,-4.3068,-4.494,-4.7567,-4.9359,-5.1211,-5.0699,-4.9356,-4.7056,-4.5825,-4.6778,-4.9598,-5.6394,-6.7197,-7.7896,-9.6122,-11.684,-13.308,-13.423,-11.874,-9.7076,-8.1671,-6.4062,-4.9327,-3.9886,-2.9301,-2.0144,-1.2447,-0.75645,-0.19745,0.2765,0.57381,0.92192,1.2044,1.3658,1.5337,1.6402,1.6899,1.6958,1.667,1.6399,1.6174,1.5626,1.5226,1.498,1.4838,1.4792,1.4515,1.398,1.2714,1.0856,0.92383,0.63096,0.30609,-0.01499,-0.22113,-0.47692,-0.74306,-0.98307,-1.4197,-2.0208,-2.5323,-3.1609,-3.3107,-2.7345,-1.967,-0.78174,0.24244,0.81109,1.2424,1.2887,0.94071,0.44031,-0.47102,-1.461,-1.9441,-1.8007,-0.70253,0.44697,1.9597,3.2642,4.2673,4.8266,5.3069,5.5095,5.4952,5.2885,4.9061,4.5544,4.0051,3.4951,3.1109,2.9438,2.9272,3.0687,3.2322,3.4232,3.4732,3.3083,2.9939,2.2773,1.1958,0.15003,-1.5019,-3.2091,-4.1046,-4.3439,-3.5686,-2.421,-1.5102,-0.34693,0.73591,1.4933,2.4069,3.199,3.7162,4.3275,4.8465,5.2798,5.5283,5.7523,5.7955,5.6862,5.3212,4.6661,3.6764,2.6752,0.90245,-1.4683,-3.8069,-8.1103,-14.104,-14.946,-10.055,-6.7648,-4.9281,-4.1894,-3.8813,-4.2991,-5.0731,-6.7514,-9.0689,-10.476,-9.8158,-7.1258,-4.6467,-3.1842,-1.8068,-0.94905,-0.62851,-0.58509,-0.95152,-1.679
0.79621,-0.12918,-1.6679,-3.2782,-4.137,-4.269,-3.3725,-2.4525,-1.2631,-0.23238,0.59442,1.1042,1.659,2.0842,2.3263,2.5609,2.696,2.7315,2.6618,2.4553,2.0929,1.6914,0.96329,-0.010888,-0.93552,-2.4253,-4.1991,-5.6656,-7.4958,-8.6223,-8.6832,-8.2256,-7.4253,-6.6789,-6.2297,-5.7796,-5.4928,-5.3067,-5.2378,-5.1702,-5.1111,-5.0678,-4.9266,-4.6749,-4.4138,-3.9768,-3.4716,-2.984,-2.6454,-2.2774,-1.983,-1.8106,-1.6632,-1.5851,-1.5939,-1.688,-1.951,-2.439,-2.9821,-4.0328,-5.5235,-7.0301,-9.7608,-13.886,-20.352,-21.298,-14.996,-10.937,-8.852,-6.7859,-5.1843,-4.2181,-3.1261,-2.2252,-1.4721,-0.9805,-0.42735,0.022287,0.30173,0.62414,0.88696,1.0613,1.237,1.3769,1.4547,1.4828,1.4637,1.4071,1.3566,1.2762,1.2091,1.1696,1.1553,1.1087,1.0077,0.85117,0.49326,-0.088173,-0.67255,-1.6142,-2.6714,-3.61,-4.0675,-4.2544,-4.1773,-4.2045,-4.6272,-5.8298,-7.5127,-11.725,-19.782,-12.674,-7.7913,-3.835,-1.375,-0.1116,1.0031,1.6566,1.9709,2.0522,2.075,2.0978,2.2027,2.479,2.9644,3.3957,4.0628,4.7017,5.2339,5.525,5.7399,5.7396,5.5644,5.1022,4.3643,3.6294,2.4679,1.2069,0.18256,-0.1387,0.18908,1.1121,1.9087,2.8507,3.5209,3.873,3.9296,3.7217,3.2294,2.6903,1.8165,0.82655,0.083041,-0.8437,-1.608,-2.052,-2.0069,-1.3138,-0.029338,1.1124,2.6271,3.9811,4.8429,5.7879,6.5171,7.0169,7.2632,7.3909,7.2959,7.0795,6.5628,5.7946,4.7514,3.7992,2.3096,0.61487,-0.71186,-2.3659,-3.5995,-4.062,-4.0779,-3.6569,-3.1804,-2.9758,-3.0321,-3.6182,-4.5183,-6.4815,-9.5366,-11.857,-10.554,-6.5155,-3.3187,-1.5744,0.1209,1.2616,1.8308,2.2693,2.4074,2.3327
